,cell_class,coord_X,coord_Y
212549,Vip,0.19612855,-0.052766293
257982,Pvalb,0.09794074,-0.14859247
59693,L5 ET,-0.2452626,-0.05425611
204562,L2/3 IT,0.11630386,-0.1847072
268446,L4/5 IT,0.1615749,0.36935544
59682,Pvalb,0.11260575,0.14115536
43818,Endo,-0.40208432,-0.45028573
56550,Micro,0.14601868,0.22715807
79162,Micro,0.093363106,0.24696851
270051,L5 IT,0.27024072,0.07203829
138020,Lamp5,-0.28623152,-0.14503103
68607,L6b,-0.3954829,0.1121465
218914,L4/5 IT,-0.25309828,-0.18690774
193007,Pvalb,0.36325514,0.090194345
5290,Oligo,-0.044645846,0.21522051
79140,PVM,-0.35969907,-0.4399489
196078,OPC,0.07733047,0.34786427
56441,L4/5 IT,-0.42493552,-0.27789688
129137,L6 IT,-0.3824263,0.027017176
196086,L5 ET,-0.22163609,-0.13358134
43746,L2/3 IT,-0.17495272,-0.29357767
138165,L4/5 IT,-0.23533383,-0.24285278
103460,Lamp5,-0.28568727,-0.023152024
224176,Astro,-0.20938608,-0.25211763
278845,L2/3 IT,0.096779704,-0.19808564
103619,Endo,0.17557013,-0.21606958
277769,L6 IT,0.23403424,0.020529747
43800,L4/5 IT,-0.43953317,-0.2570061
212544,L4/5 IT,0.30969965,-0.02033621
129105,L5 IT,0.06691009,-0.11383158
243603,L2/3 IT,0.1742214,-0.18872589
218954,L6 CT,0.0048503876,0.115593255
78596,Oligo,0.26136023,-0.026281089
43376,VLMC,0.37951362,-0.12364584
270574,Endo,0.13361454,-0.22062984
196036,Oligo,-0.06391436,0.24763644
68902,L4/5 IT,0.29022366,-0.049176216
78692,Peri,0.011166751,0.26882643
78716,L5 IT,-0.24130037,-0.16831064
268501,Astro,-0.28661287,-0.3189531
224207,Pvalb,0.254166,0.24703532
8218,Endo,0.082170784,0.2102229
39017,Endo,0.07267386,0.22210819
266742,L6 CT,-0.27945775,-0.09064087
272660,Astro,0.13464522,-0.06152013
103357,L4/5 IT,-0.3678586,-0.2089884
268448,L2/3 IT,-0.27464387,-0.39231506
204584,L5 IT,0.15691227,-0.030347914
257949,L6 CT,-0.36581254,0.0036552548
272726,L4/5 IT,-0.2780251,-0.20022643
15292,L5 ET,0.024638891,-0.08291501
103401,OPC,-0.06469414,-0.26464513
270586,OPC,-0.26054215,-0.42977434
206486,SMC,0.065025926,0.14318562
196325,L4/5 IT,0.30167574,0.02958846
196224,VLMC,-0.31884605,-0.49668288
243604,L2/3 IT,0.26103497,-0.11366302
13357,L6 CT,0.023185015,0.100224555
78916,Sst,0.09040946,0.11397582
266699,L6 CT,-0.14535856,0.017076612
72874,Micro,-0.1923823,-0.17150939
204503,Pvalb,0.14316756,0.072585344
72881,Vip,0.12343192,-0.23357564
138154,VLMC,0.18339819,-0.27493876
79086,SMC,-0.19106737,0.04899198
103532,L2/3 IT,0.115184665,-0.22148907
204499,Endo,0.08897972,0.19934642
258047,Endo,0.23570496,0.1506924
129253,Oligo,-0.03378895,0.22287631
243609,L2/3 IT,-0.0041047633,-0.30762368
68758,L4/5 IT,0.27856833,-0.08316466
267969,L6b,0.046894312,0.2311719
103549,Endo,0.05613315,0.1611386
97173,L5/6 NP,0.22947949,0.06889039
272692,L5 IT,0.10160774,0.007471502
5359,Micro,0.32359326,0.0348112
196222,L5 IT,-0.26448384,-0.15795189
258064,VLMC,0.37585998,-0.1928362
234454,Astro,0.19493556,-0.24174106
219971,L4/5 IT,0.25063378,-0.029233485
5352,L6 CT,-0.4213687,0.013370216
219508,Endo,-0.31325123,-0.40982652
218926,L5/6 NP,-0.4187578,-0.1520974
243210,OPC,0.08968538,0.3339383
128600,L5 ET,0.34741384,0.2836144
78980,L2/3 IT,0.33897728,-0.10499707
212462,L2/3 IT,-0.3786923,-0.3654772
224105,L2/3 IT,0.32097942,-0.045257986
58288,Astro,-0.2674777,-0.14544365
196198,Micro,0.18330634,0.03726238
224087,Oligo,0.020352662,0.13537782
272723,L6 CT,-0.1500952,0.08996558
224082,Astro,0.11199093,-0.17060697
13133,L6 CT,-0.33916247,-0.01436013
59714,Vip,0.112387896,0.016599119
128885,L5 IT,-0.41819188,-0.19370663
138085,L6 CT,-0.06476617,0.05036813
258010,PVM,0.05805093,0.30193573
212492,Peri,0.083789766,0.2705407
103487,L6 CT,0.057301283,0.08732033
204527,Astro,0.42436403,-0.008710593
138161,Endo,-0.29046726,0.11678445
128933,L6 CT,-0.2709068,0.022037685
262410,L4/5 IT,0.22354972,-0.032230616
11955,Endo,0.046719074,0.2297852
128940,L6 CT,0.033922076,0.1559447
128951,Micro,0.08041859,-0.12836835
59709,L5 IT,-0.16541064,-0.15912005
68813,L5 ET,0.10993326,-0.05522114
205644,L6 CT,-0.20866406,0.012987256
219943,L4/5 IT,0.1553716,-0.0866237
196293,L5 ET,-0.36522478,-0.14033338
103528,L2/3 IT,0.47449082,0.08518553
97188,Peri,0.0035022497,0.25558257
218925,L2/3 IT,-0.2625534,-0.31433833
204485,L4/5 IT,-0.25542173,-0.2347295
68771,L5 IT,-0.1511868,-0.08992478
103518,L6 CT,0.083547294,0.113797486
56511,L6 CT,-0.42312405,0.05974871
128797,L4/5 IT,-0.360641,-0.2632112
43577,L2/3 IT,0.1640796,-0.17860624
272675,L4/5 IT,0.32587856,0.18371958
78830,L4/5 IT,0.2855327,0.008643627
138105,Endo,-0.051436305,0.30937356
258022,Micro,-0.32116532,-0.37497002
56443,SMC,0.2228167,0.24395448
128858,L2/3 IT,-0.3610859,-0.30980712
258098,L4/5 IT,0.25866842,-0.04942447
272664,L5 ET,-0.28335947,-0.1487413
193570,L6 IT,-0.16472071,-0.00330922
129291,Endo,0.04994005,0.25265712
130108,L5/6 NP,0.23496705,0.20734441
77845,Endo,0.12045801,-0.17279872
268393,Endo,0.1313529,-0.17222968
77836,Endo,-0.3844957,-0.40862525
103020,L6 IT,-0.030549914,0.16623753
256520,L2/3 IT,0.36843944,0.039644003
130146,Astro,0.18763566,-0.30346483
137733,Oligo,0.043792665,0.19695383
267733,L6 CT,0.015081644,0.10887313
130147,L4/5 IT,0.32646722,-0.012281746
59579,L2/3 IT,-0.37615708,-0.2733047
130170,Sncg,-0.24093056,-0.36570853
195655,L5 ET,0.044956684,0.059442043
219876,Astro,-0.075727254,0.2101394
257752,L5 IT,0.38914984,0.37106675
77803,Micro,0.047102153,0.19369328
11067,Pvalb,0.29683673,0.03541231
97503,L2/3 IT,-0.38213247,-0.28225732
219004,L4/5 IT,0.2623449,-0.039007336
130105,Endo,0.13290632,0.3346064
225720,L4/5 IT,0.32183063,0.074828446
137764,Astro,0.08063167,0.20631462
257774,L2/3 IT,-0.2232897,-0.32614034
215665,L2/3 IT,0.4147641,0.036690056
69272,L2/3 IT,0.4492774,0.034822226
237264,Endo,-0.050060123,-0.18811521
130025,L2/3 IT,0.14702165,-0.12968239
71823,L5 ET,0.20584297,0.01546824
77916,Endo,0.10654545,-0.15876618
206400,Micro,0.103936315,0.25089413
130054,Oligo,-0.10205293,0.20191866
256517,L6 CT,-0.3673606,0.05122322
77742,L5 IT,-0.1881555,-0.101409405
130055,L5 ET,0.071881354,0.041407466
69294,L5 ET,-0.27979237,-0.121843666
204698,L6 IT,-0.033379406,0.08505446
77902,L6 IT,0.17952031,0.11801398
279590,L6 IT,-0.30131972,0.021563172
246451,L5 ET,0.028077304,-0.06499854
267982,Micro,0.007857323,0.14603555
73044,L5 ET,0.33911645,0.3100289
97469,L6 CT,0.07516831,0.12319088
99899,Astro,-0.35789114,-0.41324902
212802,L6 IT Car3,0.18125635,0.32453352
262520,SMC,-0.43205374,-0.27644688
97542,L6 CT,0.060477853,0.057620943
205632,Endo,0.18320793,-0.21069089
130515,L5 IT,0.119151354,0.068374395
130525,Sst,0.08097768,0.11816341
97555,Endo,-0.35188484,-0.23142537
212889,Pvalb,0.16471529,0.021251917
130548,L5 ET,0.2748481,0.11113906
241464,L5 ET,0.14389026,0.061049163
130551,Endo,0.15445834,-0.24390212
130579,VLMC,-0.3372845,-0.4367437
71741,L2/3 IT,-0.4177422,-0.28475267
42714,L2/3 IT,-0.19398123,-0.36547625
246841,L4/5 IT,0.17295492,-0.10769802
262535,Pvalb,0.037769675,0.09878355
77568,Oligo,-0.014730483,0.27528733
257666,Sst,0.19210583,0.35132736
56859,VLMC,-0.12348482,-0.41788477
11087,Oligo,-0.14126143,-0.35847214
137673,L6 CT,-0.2541948,0.12226027
263408,L2/3 IT,0.047196865,-0.20655832
102934,L6 IT,-0.38798237,-0.05156827
244699,Sst,0.059859633,0.10905689
69440,L5 IT,-0.21746361,-0.20635837
130496,Pvalb,0.16415435,-0.01756221
130486,L5/6 NP,-0.04026389,0.02959466
204705,Endo,0.0969435,-0.123185426
263412,Lamp5,-0.18813607,-0.2871949
246470,L4/5 IT,0.11020243,-0.106248856
69402,L6 CT,-0.33847365,-0.021126986
69403,SMC,-0.03200513,0.21283168
73165,L5 ET,-0.25096506,-0.14539927
102990,L6b,0.049408972,0.09938872
195604,Endo,0.12103671,0.3320629
130368,L2/3 IT,-0.39498898,-0.30837157
219869,L4/5 IT,-0.027940303,-0.18776193
8265,Endo,-0.22928569,-0.33359003
5167,Pvalb,0.13701713,0.06890583
257702,Astro,-0.24914065,-0.11372623
39171,L6 CT,-0.07685983,0.065092385
77694,L4/5 IT,0.018072903,-0.16516793
243089,L6 IT Car3,0.16046703,0.32839364
102976,Micro,0.16078424,-0.2226673
14868,L6 IT,-0.2798419,0.05313492
11077,L2/3 IT,-0.011717349,-0.26165548
77656,Endo,0.12401825,0.05335909
215616,L6 CT,-0.2504843,-0.041485697
103053,Astro,0.25360483,-0.039663255
58240,L6 CT,-0.021829844,0.0831117
243564,L4/5 IT,0.1356473,-0.13106883
97336,L6 CT,-0.3731511,-0.029870301
215755,VLMC,0.15357369,-0.32923
128291,L2/3 IT,-0.28069872,-0.31492162
137887,L2/3 IT,-0.37909052,-0.39538288
272759,L6 IT,-0.021785766,0.15276462
204645,L4/5 IT,-0.023240268,-0.16797599
205801,L4/5 IT,0.1303181,-0.094946444
69078,L6b,-0.44930512,0.05437994
129518,L5 IT,0.06129539,-0.079313725
99212,L5 IT,-0.1596236,-0.13396686
129533,Sst,-0.22539806,0.22018516
257870,Oligo,-0.22889584,0.14920598
97386,VLMC,-0.16863558,-0.39168224
137855,Peri,-0.33308357,-0.3276129
137854,SMC,0.1150223,-0.2006318
103187,Astro,0.19783342,0.025848389
103172,L6 CT,-0.009979427,0.11763269
43165,Endo,0.11645234,-0.20351177
78259,Oligo,0.06725371,0.27572578
212658,Endo,0.12046969,-0.20867741
219906,OPC,0.15476876,0.2248745
14812,L4/5 IT,0.22212952,-0.058494836
235348,L5 IT,-0.27131325,-0.19535637
270573,Endo,-0.013912767,0.29175544
246418,OPC,0.13553536,-0.18893626
68948,Lamp5,-0.2621251,-0.36485362
39021,Micro,-0.28319794,-0.35881156
43290,L4/5 IT,0.10376704,-0.15612325
212579,PVM,0.18337321,-0.1934273
97317,Oligo,0.09718734,-0.049138904
204623,Endo,0.075672746,-0.10978711
10967,L6 IT,0.16492432,0.123704135
257859,L5 IT,0.037944734,-0.100158066
78535,L2/3 IT,0.43282777,0.042901695
193031,L5/6 NP,-0.30918613,-0.12612274
129358,L4/5 IT,-0.35375494,-0.20814869
237480,PVM,-0.09356758,-0.30462664
58260,Peri,-0.22332013,-0.27244544
78471,Astro,-0.27998003,-0.37917852
137928,L5 ET,-0.18268695,-0.064979404
78459,Pvalb,0.029816866,0.08522153
39035,L5/6 NP,0.17694908,0.05753374
71864,Oligo,-0.35739887,0.18373626
68983,Endo,0.14727646,-0.18179908
103145,Oligo,-0.35842517,0.11998457
129601,VLMC,-0.28547674,-0.45071447
267771,Pvalb,0.2836712,0.05685103
43091,L6b,-0.09262493,0.119267404
236228,Endo,0.13198757,-0.13989425
237253,Endo,0.15428358,-0.14425945
43087,L2/3 IT,-0.05512342,-0.334009
273497,L6 IT,-0.06830141,0.0945726
97412,L2/3 IT,-0.30830586,-0.3544861
11027,L5 ET,-0.36455458,-0.13645115
129850,Sst,-0.41269147,-0.35434264
266805,Oligo,0.06505996,-0.07689369
43093,Sst,0.061894834,-0.010178715
78123,SMC,-0.37860364,-0.43106553
266807,Pvalb,-0.31254917,-0.13660517
78115,Oligo,0.041261733,0.13661951
193071,Oligo,-0.35783595,0.12070745
266819,L4/5 IT,0.26506597,-0.08123794
129935,L5 IT,-0.29679906,-0.17320046
103092,L6b,-0.47103044,0.042334437
103088,PVM,0.19585419,-0.20897812
256516,L5 IT,0.30523962,0.18513161
219885,L6 IT,0.24653518,0.021822512
129916,L6 CT,0.12826627,0.31604588
219912,L4/5 IT,-0.25940675,-0.28707787
273502,L6 IT,0.07121432,0.11038607
69161,L4/5 IT,0.26409137,-0.03450063
205813,Endo,-0.1362553,-0.36367288
267766,Endo,0.05072987,0.35479784
43160,L6 IT,-0.45479727,-0.22916573
11022,L2/3 IT,-0.30132806,-0.40116954
246431,L5 ET,-0.03399554,-0.12882507
224269,Oligo,-0.34539145,0.146851
195821,Oligo,-0.10434103,0.1886673
5236,L2/3 IT,-0.20197108,-0.3460394
204656,Lamp5,-0.07754266,-0.34473532
8861,Sst,0.26041305,-0.15207535
5234,L4/5 IT,0.20217848,-0.12180069
39078,Micro,0.17963833,0.33783084
43126,L4/5 IT,0.31541073,0.04975158
43125,Endo,0.15727311,-0.26599264
129718,L6 CT,-0.44705355,-0.058015704
78164,Pvalb,0.10612136,-0.034537613
69148,L5 ET,0.16273761,0.009113908
129779,L4/5 IT,0.34698623,0.09231001
129784,L2/3 IT,0.12213141,-0.19284007
204665,Oligo,-0.45299792,-0.21885201
137828,Astro,0.1449365,0.25255638
58253,L6 IT Car3,0.19950467,0.34555006
79349,Oligo,-0.04349643,0.29206508
72856,Pvalb,0.23109943,0.27418077
72112,L6 CT,-0.17004779,0.04500407
80387,L5 IT,0.05072528,0.11560744
126526,Lamp5,-0.15050328,-0.33535922
99500,L4/5 IT,-0.2703268,-0.20497692
44643,L6 IT,0.1197207,-0.11818001
80385,L5 IT,0.38077557,0.36881244
239962,L6 CT,-0.17420599,0.009576499
258406,Endo,0.1569848,-0.2785904
44637,Peri,0.18641376,-0.26467538
80379,Oligo,-0.13489491,0.21146625
212012,L4/5 IT,0.32533485,-0.0060066283
99468,L6 CT,-0.31767368,-0.019389987
99691,L2/3 IT,0.4258129,0.053910673
56109,L5 IT,-0.33067107,-0.16273552
126588,L5 IT,-0.22958907,-0.061740816
220123,L6 CT,-0.428838,0.0035880208
126601,L6 CT,0.03765571,0.10186803
262311,Oligo,-0.3385247,0.122578025
4355,Oligo,-0.15792733,0.19008827
126524,L4/5 IT,0.31827915,0.10501933
262309,Oligo,-0.1058124,0.2177698
196998,Micro,-0.033008307,0.15165961
266427,Astro,0.059580386,0.120375514
126303,Peri,-0.00021779537,0.25042057
104315,Sncg,0.3185991,0.1953736
126307,Oligo,-0.09809703,-0.1619705
44733,L5 ET,-0.12208921,-0.11955178
80498,L6 CT,-0.076409966,0.14744979
72128,Oligo,-0.045930445,0.22955579
44719,Lamp5,0.18512285,-0.024637789
205737,Astro,-0.440905,0.114729404
80491,Endo,0.02015096,0.22495139
80224,L6 IT,-0.13047788,0.09220356
44703,Astro,-0.27480727,-0.4110978
126371,L4/5 IT,0.25485712,-0.055449426
197027,Sst,0.078314185,0.02810818
5586,Peri,-0.29139695,-0.27075887
60108,L6 CT,0.15618479,0.091448665
126472,L6 CT,0.018336594,0.14701104
67919,Oligo,-0.0419631,0.20643902
126474,L6 IT,-0.21656555,-0.10499495
80473,L6 CT,0.11630672,0.20348138
72453,Oligo,-0.32913056,0.16457742
96517,Oligo,-0.39271426,0.110277355
192802,L4/5 IT,-0.27951917,-0.24799845
206727,Astro,-0.387286,0.13833702
126619,L6 CT,0.013232887,0.10022396
216036,Endo,0.12652785,0.29208165
266495,Oligo,-0.39422533,0.113909245
80061,L4/5 IT,-0.3659184,-0.20387489
68099,L6 IT,-0.31561485,-0.07210073
5542,L2/3 IT,0.24810183,-0.09984365
80012,L5 IT,0.19475561,0.09050137
10827,Peri,0.17455131,-0.16846558
192827,L6 CT,0.057197094,0.28516972
5536,L4/5 IT,-0.29876408,-0.24996606
126782,Micro,0.1828934,-0.25783426
68140,Oligo,-0.051937252,-0.21033439
68146,L2/3 IT,0.39316732,0.047888696
246278,Astro,0.24125987,-0.0009821355
223810,L6 IT,0.08231521,0.15268612
68152,Vip,0.30148143,-0.07360238
267925,OPC,0.25251484,-0.086423844
126938,L2/3 IT,0.1427896,-0.195676
214598,Astro,0.30520254,0.04009545
126958,Astro,0.1197834,0.32549703
96734,L2/3 IT,-0.3137355,-0.3283201
196867,L6 CT,-0.35730374,0.04420942
104324,L2/3 IT,-0.23591506,-0.29663396
72492,L2/3 IT,-0.24773407,-0.38727927
11687,PVM,-0.22680518,-0.47857514
258398,L6 CT,-0.3388784,-0.038754553
12022,Peri,0.14112079,-0.18309352
4360,L2/3 IT,-0.3660879,-0.38312152
104257,L4/5 IT,0.32668322,0.04369682
212048,L6b,-0.06614685,0.12491292
80155,SMC,-0.40276605,-0.24065575
5554,Endo,-0.34510303,-0.3138627
126697,L5 IT,0.036585867,-0.11800271
104252,L6 IT,-0.034958214,0.104228795
38674,L6 CT,-0.08040547,0.07980794
96663,L6 IT,-0.15895212,0.040273964
196946,Pvalb,-0.3686933,-0.10691577
38656,Endo,0.096940696,0.16866308
243243,L2/3 IT,-0.25312138,-0.33610094
243015,SMC,0.12528604,0.13366705
235134,L2/3 IT,-0.33163112,-0.292655
243245,L4/5 IT,0.35721326,0.15526754
8134,Vip,0.1515972,-0.17706528
256431,Astro,0.098933876,-0.11137113
80073,L2/3 IT,0.2904653,-0.07017091
96666,Endo,-0.2178224,-0.3176394
126986,Peri,0.44331187,0.15412998
80517,Astro,-0.18287674,-0.40675607
192784,Micro,0.21313465,0.23457247
245002,L2/3 IT,0.33369362,0.000780046
216159,L2/3 IT,-0.3091067,-0.42090297
45032,Oligo,-0.17565304,0.17556328
223644,OPC,0.088586986,0.24241078
197211,L5 IT,0.087133825,0.023002982
104487,SMC,0.08231652,0.25211674
125843,OPC,-0.3949082,-0.20042983
80783,L2/3 IT,-0.121117145,-0.2747792
125858,L2/3 IT,-0.28808945,-0.39372122
138830,Peri,0.013782024,-0.22178519
67764,Astro,0.37215424,0.13430297
214638,SMC,-0.37184423,-0.41521987
206780,L5 IT,0.1270448,-0.101982296
96401,Oligo,0.07309544,-0.12429574
223653,L6 IT,-0.1719619,0.06351024
44970,L5 IT,-0.2511373,-0.1997759
192726,Astro,0.17491174,-0.23742753
5650,L6 IT,0.117057204,0.058507204
80751,L5 IT,-0.39724928,-0.2147994
5669,L4/5 IT,0.08162546,-0.098835915
125784,L6 CT,-0.026400208,0.031243622
67749,L6 CT,-0.33741254,-0.026753992
45059,Astro,0.3744275,0.3641895
80958,OPC,-0.3148224,-0.21800041
80938,Pvalb,0.17589271,0.1707806
67687,L2/3 IT,-0.31293422,-0.39028203
192709,Astro,-0.09401542,-0.3021847
204180,Endo,0.11797494,-0.15648383
262266,L6 CT,-0.1605866,-0.010191232
80895,L2/3 IT,0.37131798,-0.020842314
72198,L6 CT,-0.010933727,0.21251619
138839,L6 CT,-0.2831146,0.051914275
273599,Astro,0.10482967,-0.18869609
266349,OPC,0.111590385,0.27913564
104551,OPC,0.18803948,0.105776906
72318,L6 CT,-0.21952024,-0.011584401
279357,Micro,0.20247138,0.16959727
80840,Pvalb,0.30068505,0.02335471
67737,L5/6 NP,-0.38251793,-0.12678584
125738,L2/3 IT,0.07899904,-0.19384491
243006,L5 IT,-0.24306217,-0.16742662
56010,L6 CT,-0.35600036,-0.030241847
204202,L5 IT,-0.40459332,-0.17671147
96358,Astro,0.097468734,-0.12901571
138821,L4/5 IT,0.2757125,-0.02625686
126022,L4/5 IT,0.31031334,0.0042327046
246905,L2/3 IT,0.3719229,-0.020932883
58436,Sst,0.10553467,0.056582034
138764,Oligo,0.019223273,0.16680378
206761,Micro,0.25427186,0.15604782
38607,L6 CT,-0.38918653,-0.056716263
44826,L4/5 IT,-0.35919714,-0.23686963
258465,L2/3 IT,-0.3001299,-0.37084645
99609,L5 ET,-0.3094101,-0.16163617
80628,L4/5 IT,-0.1495463,-0.22071788
126203,L2/3 IT,-0.29951644,-0.36644945
8584,L2/3 IT,-0.3564862,-0.4087113
80617,L5 IT,0.14166105,0.13659573
262287,Endo,-0.32781848,-0.06923291
80559,Micro,0.28014475,0.096625745
279375,Pvalb,0.17286724,0.10233748
206754,Endo,0.15203357,-0.15645862
126248,L5 IT,-0.3738234,-0.13294813
216117,L2/3 IT,-0.3020343,-0.3199383
214617,L6 IT,-0.23317099,0.014989436
126273,L2/3 IT,-0.25824577,-0.36798072
80528,Astro,0.20630944,0.37583572
272531,Oligo,-0.0028850734,0.11746162
99667,OPC,0.19301426,-0.22317696
211909,L5 IT,0.2068451,0.018174052
72369,L2/3 IT,0.07362491,-0.2543241
72361,L2/3 IT,0.12189406,-0.19733283
67775,Peri,-0.28487694,-0.066220075
56032,L2/3 IT,0.3300457,-0.029750884
126041,L2/3 IT,0.053034544,-0.29273728
197145,L6 IT,-0.3765216,-0.10481739
218763,Oligo,-0.13214344,0.20555848
126076,L6 CT,-0.16783836,0.03408599
235450,L5 IT,-0.09033525,-0.101431906
8973,Astro,0.13979983,-0.29972094
126138,Endo,0.07831001,0.2297849
67791,L2/3 IT,0.11640346,-0.18140322
126079,L5 IT,0.22017157,0.12968636
60200,L2/3 IT,-0.43756938,-0.39773467
204217,PVM,-0.13570532,-0.41999674
138786,Oligo,-0.31310385,-0.042170763
220152,Astro,0.2383228,-0.033298045
126113,Astro,-0.34274405,-0.453234
266366,L4/5 IT,-0.16056988,-0.24532017
126125,L6 CT,-0.3298949,-0.04698652
80664,L4/5 IT,0.25863445,-0.04058233
67800,L4/5 IT,-0.25789672,-0.23979363
79969,L6 IT,-0.304549,-0.072850496
79941,L6 CT,0.17291975,0.22741085
72508,Micro,-0.13485757,-0.1794799
262390,Peri,0.27328557,0.035102367
127784,L2/3 IT,-0.26393217,-0.39444998
138316,Peri,-0.14444172,-0.3343857
8563,L2/3 IT,0.3716008,0.021177292
127789,Oligo,-0.018611044,0.22375393
196519,VLMC,0.26730955,-0.24851164
59811,VLMC,-0.1480496,-0.42852876
58545,L6 CT,0.2169491,0.3012879
196513,L6 CT,-0.02868867,0.045714438
127822,Peri,0.1389445,0.33933133
127856,Oligo,-0.13344046,0.22518533
44004,Micro,0.12842107,0.29447067
223963,Oligo,-0.001190275,0.13794929
127871,L2/3 IT,0.4564373,0.15147674
212339,L4/5 IT,0.25590575,-0.042592704
212343,Astro,-0.25562215,-0.44133717
99345,L5 IT,-0.357131,-0.1772416
268530,L6 IT,-0.28063214,-0.048334777
38842,Lamp5,0.029999912,-0.2701843
97021,L2/3 IT,-0.37004852,-0.37428796
138361,L4/5 IT,0.2686391,-0.030717313
138372,L6 CT,-0.021811575,0.058763087
246309,L2/3 IT,-0.10886744,-0.35084212
196581,Astro,0.24370462,-0.1684731
59887,L6 CT,-0.024605155,0.095084846
79535,Micro,0.089524865,0.18367445
79525,Oligo,-0.37404948,0.12376279
206605,PVM,0.116773725,0.25284946
127643,Micro,0.124590576,-0.13724464
68393,L4/5 IT,0.08159828,-0.1443696
38772,L6 CT,0.1803351,0.17318815
103855,SMC,0.03760916,0.32656616
79372,VLMC,0.32190055,-0.22418171
56347,PVM,-0.31878114,0.12911868
212318,L2/3 IT,-0.20345181,-0.31843644
11977,L4/5 IT,0.28001344,-0.04030049
214509,L6b,-0.059284866,0.18071604
68428,Astro,0.43683076,0.3347242
56361,PVM,0.16194898,-0.29882362
103769,L6 CT,-0.032871634,0.122208714
127742,Astro,-0.034484267,0.24171913
127748,L5 IT,0.26068294,0.14187437
235386,Endo,0.069811106,0.28398937
103806,L5 ET,0.23967355,0.13496321
38856,L6 IT,-0.37475264,-0.07064974
196463,Endo,0.023670137,0.22451997
246320,Vip,-0.138428,-0.3343757
206531,L2/3 IT,-0.23783195,-0.35374022
97111,Pvalb,0.17560816,0.045128107
138201,L2/3 IT,0.08936465,-0.26567748
99829,OPC,0.047935545,0.28924453
71926,Endo,0.043435514,0.26591247
234451,L5/6 NP,0.04561335,-0.041811466
212363,L4/5 IT,-0.33094883,-0.24010482
266640,Oligo,-0.009530127,0.2528808
244934,L2/3 IT,-0.2837119,-0.34346563
68511,Endo,0.13827723,0.3389609
68538,L5 IT,-0.16662985,-0.13116536
56431,OPC,0.34206384,0.27665836
128203,VLMC,0.19593465,-0.29689598
68553,L2/3 IT,0.20568955,-0.13417408
79228,Pvalb,0.14690351,-0.12262842
128262,L6 CT,0.16117287,0.12298727
103629,L6 CT,0.17106962,0.124599814
128281,L4/5 IT,0.25901926,-0.02352345
56435,Astro,0.28953326,0.017584682
138169,Astro,0.124115765,-0.2845344
79268,Micro,-0.04425019,0.2043792
127572,L5 ET,-0.3529728,-0.06921378
214468,L6b,0.07050419,0.30611086
219977,L6 CT,-0.35940516,-0.036152393
56405,L6 CT,-0.006450206,0.071896255
266616,L6 IT,0.13170296,0.07320267
43974,L2/3 IT,-0.42375436,-0.29269606
192961,Oligo,-0.115247875,0.18045384
127939,Endo,0.15467417,0.39350075
56411,Vip,-0.25621173,-0.32603496
43961,L4/5 IT,0.30938685,-0.057237983
79361,Lamp5,-0.39579248,-0.31184417
99283,Astro,0.16366738,-0.11288804
278356,L4/5 IT,0.16185313,-0.11753845
243256,Astro,0.27568203,-0.2735769
138238,Astro,0.20282632,-0.07879454
5417,L4/5 IT,0.38984442,0.2618655
99824,L2/3 IT,-0.3374406,-0.37934664
128082,Astro,-0.32143646,-0.3775
99826,L6 CT,-0.30354774,-0.022906989
128087,Pvalb,0.15579385,0.17958462
128095,L4/5 IT,0.30998123,0.069300115
69500,L5 IT,-0.2160461,-0.17420337
138214,L5 IT,-0.26718527,-0.18646431
218889,L4/5 IT,0.35515058,0.044056416
68383,Oligo,0.10765022,0.20646799
68369,L6b,-0.43706313,0.04513222
215978,Astro,0.230402,-0.06054887
8610,VLMC,-0.28818017,-0.4663981
127134,L2/3 IT,-0.29183745,-0.4030398
44329,L4/5 IT,0.2149393,-0.07504752
138478,Oligo,0.27699536,0.026810646
44322,L6 CT,-0.4454616,-0.0053400993
72598,Micro,0.03131914,0.27534705
258307,L6 IT,0.0032880306,0.101516545
104069,Astro,0.18978143,-0.15859723
244956,Oligo,-0.09238747,0.2381025
219403,L6 CT,0.05110413,0.16540784
220066,L6 CT,0.16069132,0.30650455
127229,L5 IT,0.14982152,-0.046633005
104026,L6 CT,0.030615568,0.12258738
79808,L5/6 NP,-0.44206658,-0.09456688
220042,OPC,0.029023767,0.07763219
127257,L2/3 IT,-0.29703313,-0.3345758
258295,L6b,-0.31070054,0.113166094
44255,L5/6 NP,-0.33162996,-0.1659362
59948,Endo,-0.07799178,-0.25470588
44254,L2/3 IT,-0.3973355,-0.41457245
262357,Oligo,0.02460581,0.15811974
272593,L2/3 IT,-0.24362221,-0.3041693
13371,L6 IT,-0.0369083,0.1626544
223845,L6 CT,0.10994339,0.14454526
269985,VLMC,-0.17786679,-0.43803966
262348,Micro,0.03306347,-0.077388346
96753,L5 IT,0.19577116,0.02737397
127040,Endo,0.05670011,0.15877461
196798,L5/6 NP,-0.48576123,-0.18230009
127068,OPC,0.04168415,0.22160214
79908,Micro,0.22996175,0.2373966
56202,PVM,0.036488593,0.30855322
68189,L5 IT,-0.39402932,-0.17853299
44343,SMC,0.21066964,0.33564305
44378,L4/5 IT,0.31153506,0.01035589
59993,L6 IT,-0.14744875,0.049851716
5503,Astro,-0.3660743,0.12229699
96756,Endo,-0.20966461,-0.07975188
138548,L6 CT,-0.12897149,0.009076655
138521,L5 IT,0.28929436,0.100124955
206657,L6 CT,-0.15557387,0.088822484
56222,L6 CT,-0.18604028,-0.007519543
44355,Lamp5,0.12880808,-0.20526537
13154,L6 IT,-0.33639413,-0.09202042
104099,OPC,0.33475727,0.24823421
237194,L6 CT,-0.31244218,0.051668942
68280,L4/5 IT,0.2907322,0.027409494
44237,Endo,-0.27251387,-0.30258393
79656,Astro,-0.19968775,-0.28813642
196619,L5 IT,0.21640724,0.0060792565
196618,L2/3 IT,-0.37492532,-0.28276914
243661,L6 CT,-0.370821,0.0151360035
196616,Oligo,0.09207964,0.22588772
127439,Sst,-0.21476918,-0.311486
11620,Endo,0.088214636,0.13048917
270024,L4/5 IT,0.097625494,-0.10309589
204394,L2/3 IT,-0.28851599,-0.37001038
127426,L6 CT,0.019638836,0.0903061
138428,Astro,-0.3890782,0.14265537
103916,L6 IT,-0.41712934,-0.074416846
10867,L5 ET,0.24793023,0.101554334
237167,L4/5 IT,0.25644934,-0.0048541427
103906,Endo,-0.18386167,-0.2890436
192918,L6 CT,-0.4218813,-0.0020591915
79599,L6 CT,-0.13544762,0.13413274
58338,Oligo,0.090703785,0.16414952
68355,L6 CT,0.03907627,0.10370773
215983,Oligo,-0.31314927,0.1226874
192911,Endo,-0.07590988,-0.31066668
192891,PVM,0.003881216,0.2778005
205756,L2/3 IT,0.24735868,-0.22224283
127418,VLMC,0.25034827,-0.28517485
212205,L4/5 IT,-0.3094707,-0.23753324
56267,Oligo,0.11701214,0.0035620928
196660,L5 ET,-0.41777503,-0.17167944
96850,Oligo,-0.17177674,0.16797644
104015,L4/5 IT,0.0976823,-0.13861102
138466,L4/5 IT,0.17080235,-0.058534533
44213,Astro,-0.13991937,-0.39700714
196633,L6 CT,0.036698163,0.10328138
234539,OPC,0.27629048,0.13363963
204385,Endo,0.13096881,-0.09556478
204378,L5 IT,-0.3902269,-0.17550442
72019,L2/3 IT,0.4125123,0.025329411
59903,L4/5 IT,0.2635848,-0.039217144
99758,Astro,0.29529542,-0.13990566
138431,L6 CT,-0.124932736,0.07150918
72637,Vip,-0.2869777,-0.2719338
258270,Micro,-0.07159108,-0.19634664
218841,L5 IT,0.27094752,0.017752767
206616,VLMC,-0.26391754,-0.4348811
215996,L5 IT,0.19906443,0.051966608
59913,Oligo,-0.34215492,0.13191962
71739,Oligo,-0.28880513,0.16764659
246498,L5/6 NP,-0.37974674,-0.11312121
205819,L6 IT,-0.06749347,0.09441149
257032,Endo,-0.31521198,-0.09199497
134564,L6 IT,0.0070204735,0.1217466
267364,Micro,0.3411166,0.025930285
100355,L2/3 IT,0.43587977,0.08583999
73624,Astro,-0.38173532,0.13409925
213745,SMC,-0.27318633,-0.14125174
98994,L2/3 IT,0.3060758,-0.1327129
134621,L5/6 NP,0.25800365,0.121747196
263154,L2/3 IT,-0.2948729,-0.34869063
194157,L6 CT,-0.35586917,-0.05704695
75276,Endo,-0.0067306757,0.22735745
134646,L2/3 IT,-0.22662675,-0.36888373
235259,Pvalb,0.08469546,0.09834325
75251,L6b,-0.34621137,0.086447
75237,Astro,0.22848248,0.29915142
256676,L5 IT,0.043393612,0.045973778
40695,L5 IT,-0.3469736,-0.17035532
215198,Endo,0.24790174,0.17833728
11323,Astro,0.113006175,0.19978309
263252,Astro,0.23994184,0.29182327
4779,L6 IT,-0.040394813,0.07619554
8407,L2/3 IT,-0.24791965,-0.35911548
267356,OPC,0.14896446,-0.13658613
40895,L5 IT,0.12390238,0.10366213
246635,Peri,-0.20710197,-0.3303105
194207,L6 IT,-0.050254524,0.10971415
40889,Endo,0.18985385,0.053209424
194205,L2/3 IT,0.45445687,0.020080447
205214,Astro,-0.27134258,-0.4288931
98329,Oligo,0.0065496564,0.24625307
134297,L4/5 IT,0.18612081,-0.12332633
134378,Astro,-0.12583646,0.21538448
215187,L6 CT,-0.31658876,-0.016154677
75398,VLMC,0.25513834,-0.25655589
57520,L6 CT,-0.10131702,0.036767483
134443,Pvalb,0.015236378,0.10985285
4558,VLMC,0.48825544,0.07728994
59036,L6 IT,-0.26907766,0.0019301176
256669,L2/3 IT,0.17917722,-0.2166718
98401,L2/3 IT,0.28298277,-0.100432545
215208,L6b,-0.28743106,0.083277166
233908,L5 ET,0.21077889,0.04224938
100317,Sst,0.33260578,0.09476894
263274,Endo,0.12663716,-0.1897659
262815,L2/3 IT,-0.16163373,-0.2826077
134733,L4/5 IT,0.22800565,-0.06738731
75174,L6 CT,-0.31592667,-0.036687642
15102,Micro,0.16729128,0.21418315
225545,Vip,-0.116732,-0.31325737
75080,Oligo,-0.01851818,0.25735873
205858,L4/5 IT,0.31407428,-0.02711615
134921,Peri,0.06937462,-0.12393135
205477,L5 ET,0.31707448,0.30748105
4748,OPC,0.09048402,-0.097884
75077,Sst,0.20945656,0.14146996
134957,Pvalb,0.31447107,0.11578578
134912,L2/3 IT,0.3355701,-0.113937825
11777,Micro,0.16237271,-0.21814856
262836,L6b,-0.25747168,0.1556359
256968,L5 ET,0.075476825,-0.044588834
58977,Endo,0.09270179,0.33926034
134981,L5 ET,0.11554009,0.01374495
246658,SMC,0.07759708,-0.121822745
58976,L4/5 IT,0.3363002,0.061567366
225304,L5 IT,0.20375586,0.035281897
134995,L6 IT,-0.0740926,0.07204527
101022,Astro,-0.0025082827,0.2634927
268140,L6 CT,-0.46090996,0.03812605
270426,Pvalb,0.2132141,0.14121139
136616,L4/5 IT,0.23547518,-0.07966906
98528,L4/5 IT,-0.03834465,-0.197597
205854,L6 IT,0.10524428,0.05336958
262818,L2/3 IT,0.3019321,-0.010828972
194107,Astro,0.30857164,0.18246657
134789,Peri,-0.3106305,-0.37428585
263242,L6 IT,0.02260065,0.03674841
194096,L6 CT,-0.2034798,-0.015223026
40657,L6 IT,0.0801208,0.27179533
98477,Oligo,0.084584415,0.25096333
213806,Endo,0.11956507,-0.12117702
101052,L4/5 IT,-0.43133408,-0.2551278
15094,L4/5 IT,0.29510683,-0.012854427
225289,Oligo,-0.16720942,-0.001498133
134872,OPC,0.09377444,0.2587394
70754,L5 IT,0.16427916,0.14493567
215155,L2/3 IT,-0.29617673,-0.29627174
270185,L4/5 IT,0.2658028,-0.016314179
193470,Oligo,-0.06727445,0.24469316
101123,Oligo,-0.022638977,0.23172456
136629,L4/5 IT,-0.18904099,-0.22699189
205257,L2/3 IT,-0.34241468,-0.40599167
273387,L4/5 IT,-0.26452327,-0.23085836
134997,L4/5 IT,-0.36351147,-0.24453491
75415,Oligo,-0.047472596,0.2103827
11735,SMC,0.034699082,0.19554204
262757,Endo,-0.2873252,-0.10300663
136780,L2/3 IT,0.20191061,-0.24678218
133708,Astro,-0.37677306,0.13519222
194416,Oligo,-0.25633544,-0.18762219
133721,Sst,-0.20341727,-0.27853632
98303,L2/3 IT,0.20977056,-0.14163584
41142,VLMC,0.072197795,-0.3613978
194401,Pvalb,0.26856285,0.08576399
98308,SMC,-0.090553254,-0.3205831
136774,SMC,-0.007688403,0.265029
75668,Oligo,-0.30229956,0.13300753
41114,Astro,0.32485402,0.19563025
234474,Astro,0.073779404,-0.16590399
267286,L6 CT,0.18998843,0.16837811
41095,OPC,-0.15770242,0.1788618
262764,Peri,0.117832124,-0.18452278
133874,Lamp5,0.15625477,-0.30260414
73539,VLMC,0.18198133,-0.2865491
133883,L6 CT,-0.08390698,0.002902627
4854,Oligo,0.072993636,0.27573222
215259,Peri,-0.37062195,-0.4360529
59085,Oligo,-0.08934328,0.17835766
13275,L2/3 IT,0.39805543,0.0484671
133571,L5/6 NP,-0.32715768,-0.042805344
194471,L2/3 IT,-0.17078999,-0.332958
236169,L5 IT,0.19077045,0.06712228
225045,L4/5 IT,-0.270029,-0.18165606
39585,Astro,0.08451629,-0.048281997
101555,Vip,0.074046135,-0.20065352
13073,Oligo,-0.381855,-0.0146918
193393,OPC,0.20060903,0.29188645
73518,L6 CT,-0.21533147,0.07737446
133885,Endo,0.24458307,0.10979253
133589,L6 IT Car3,0.20188278,0.31490868
206124,Peri,0.22560036,0.26189566
267266,L2/3 IT,-0.22442633,-0.37213153
273401,L4/5 IT,-0.24157944,-0.18547103
99002,L5/6 NP,0.21050763,0.4391353
98271,Oligo,-0.3170573,0.10915458
267269,L5 IT,0.22190368,0.026639342
75759,Lamp5,0.0908882,-0.28377
39616,Oligo,-0.09238997,0.22638327
194450,L6 CT,0.14885211,0.19314843
262741,L5 ET,-0.35349113,-0.18206406
70526,L6 CT,-0.22916418,-0.028682858
70527,Endo,0.004718244,0.2301668
71504,L6 CT,-0.33276728,0.028765202
243295,L2/3 IT,-0.080316484,-0.2390239
214960,Oligo,0.050283313,0.2936967
15204,L6 IT,0.056687415,0.04207194
134082,L6 CT,-0.024753243,0.10903448
75495,L6 IT,0.026817441,0.061026335
134144,L6 CT,-0.39506158,0.04550767
273395,L6 CT,0.08278167,0.10796231
134151,OPC,0.006103337,0.20806217
225140,L4/5 IT,0.32574874,0.08780819
244834,Endo,-0.21525022,-0.19846031
101382,L4/5 IT,0.2183401,-0.057246923
71471,Oligo,-0.08397892,0.20853561
70588,Pvalb,0.04770404,0.09740287
194254,L6 CT,-0.08904913,0.00817734
194243,Lamp5,0.3026684,-0.17817199
73603,L2/3 IT,0.41257656,0.022788286
225144,L4/5 IT,0.28023905,-0.007771194
40921,L5 ET,0.1794213,0.016768634
225148,L2/3 IT,-0.28847742,-0.3699242
40914,L6 IT,0.013680756,0.04687351
101373,L5 IT,0.14315736,-0.050430417
134234,L6 IT,-0.3494388,-0.08573881
70551,L5 IT,0.19397277,0.22787315
134066,OPC,0.2684132,0.16210908
235270,OPC,0.18938196,-0.013162047
41062,Endo,0.21366584,-0.15924245
99001,Endo,-0.16844648,-0.31053224
98318,L2/3 IT,-0.02812317,-0.22917089
101425,L2/3 IT,-0.31979328,-0.3567737
133996,L6 CT,0.09235489,0.10004723
134022,L2/3 IT,0.44224274,0.06224841
75601,L2/3 IT,-0.34106785,-0.3540268
194304,Endo,0.072433114,0.12097913
100305,L4/5 IT,-0.28365284,-0.28944105
225113,L6 IT,-0.40540913,-0.10838997
214278,OPC,-0.34937245,0.103669524
101417,L5 IT,-0.3326077,-0.16004637
243422,Oligo,-0.08540332,0.2299807
205166,L2/3 IT,-0.09035519,-0.34133726
70545,Astro,-0.38453475,0.1300211
194291,L2/3 IT,-0.07024616,-0.3116036
134059,Astro,0.21912396,-0.29083648
75571,L5 IT,0.20245391,0.10742545
70550,Oligo,-0.19395298,-0.26057184
13261,PVM,0.14281166,-0.21279544
194050,L6 IT,-0.3496086,0.047495782
225543,Endo,0.09688228,0.14228123
74983,L4/5 IT,0.34418356,0.059319675
237408,OPC,-0.18328172,-0.33559975
270363,L4/5 IT,0.41794825,0.15972185
225422,Astro,-0.22960997,-0.4414495
58854,L2/3 IT,-0.1496835,-0.33148313
40091,L6 CT,0.0974251,0.12296647
74367,L5 IT,-0.25971663,-0.08053145
71138,Pvalb,-0.03239405,0.1136719
256805,L5/6 NP,0.19940448,0.1365928
256801,Micro,-0.27549246,-0.23059586
58853,L6 CT,-0.2902927,-0.07139802
74319,L6 CT,-0.1554954,0.050319254
135895,Astro,-0.36624512,0.11405343
8698,L2/3 IT,0.41070837,-0.0778878
135913,Endo,0.07445574,0.20546556
193535,Peri,0.20271188,0.14148885
71156,L6 IT,0.057510674,0.07676476
136445,L6b,-0.2645958,0.07272357
15148,L2/3 IT,-0.19544658,-0.36209399
225432,Sst,-0.24394664,-0.16627812
100704,L5 ET,0.031818986,-0.025105357
40101,Endo,0.051788926,0.20422816
40105,L6 CT,-0.340738,-0.06534955
193781,L4/5 IT,0.3196466,0.047554553
193806,L6b,-0.081147105,0.13697493
135634,L6 IT,0.14318037,0.07508302
40168,Endo,-0.22983012,-0.2538576
71050,L6 IT,0.22037071,0.08954102
74543,Astro,0.24093306,-0.16633958
193799,Astro,-0.116304606,-0.31691426
235217,Oligo,0.14831495,0.16204375
135713,Endo,0.13057435,-0.16988641
57755,Endo,-0.18953812,-0.2625199
205380,Micro,-0.26684082,-0.31502032
135726,VLMC,-0.38367385,-0.46359044
205354,L2/3 IT,-0.38916072,-0.37127864
40135,PVM,0.28950012,0.16643149
267630,Astro,-0.39055073,0.13490796
256817,L5 IT,0.21225822,0.12541008
279560,L6 CT,-0.41131127,0.035428584
8464,L4/5 IT,0.08992416,-0.12437278
136460,L2/3 IT,-0.3400986,-0.32928532
256814,L6 CT,0.019836724,0.07664704
205862,L6 IT,-0.43320653,-0.14772528
214195,Astro,0.057874978,0.20927596
73802,Sst,-0.020540565,0.11147565
74288,OPC,0.097611845,0.2452594
8523,L6b,-0.013400316,0.22154444
256696,Oligo,-0.24997327,0.13802159
58806,L5 ET,-0.4061727,-0.31202254
71265,L6 CT,-0.35407835,0.047097206
11749,L4/5 IT,0.35325813,0.05337107
136199,OPC,0.2098043,0.31320667
205908,Sst,-0.29382008,-0.052928507
267589,L5 IT,-0.41846585,-0.17275056
73854,L4/5 IT,0.061315656,-0.11391738
8693,Astro,0.04675913,-0.13887623
58819,OPC,-0.29347336,-0.277798
267606,Sst,-0.35184985,-0.24226126
273354,L2/3 IT,-0.25869897,-0.3035741
73935,L4/5 IT,0.34881973,0.04043114
136303,L2/3 IT,0.15021384,-0.2093277
136305,L5 ET,-0.23840216,-0.14805153
39817,L4/5 IT,0.39841413,0.09501153
214162,L2/3 IT,-0.35655162,-0.3481442
15181,Micro,0.14124745,0.26206023
270347,L4/5 IT,0.20582718,-0.03684053
193573,L2/3 IT,-0.28181845,-0.42666495
13199,Micro,0.13796002,-0.18019211
40178,L5 IT,0.120149255,0.04312563
205401,VLMC,0.22174132,-0.25840712
74043,Oligo,-0.09058571,-0.31537277
74252,L6 IT Car3,0.2016347,0.28150892
15155,L2/3 IT,0.036251724,-0.28250855
8480,Oligo,0.02406013,0.24414593
74231,Oligo,-0.05135244,0.24100524
135950,L5 IT,-0.08092722,-0.15940955
278212,Astro,0.03324914,-0.09412199
135979,VLMC,0.23672187,-0.28524154
39985,Oligo,-0.021053761,0.26030236
136409,L5/6 NP,0.1751054,0.040894628
225450,L2/3 IT,0.32554877,-0.047830105
136012,L2/3 IT,-0.1265387,-0.31526133
74132,Endo,0.039954066,0.19150472
58832,Endo,0.11486989,-0.11186221
205925,Astro,0.06831324,-0.23894021
11494,OPC,-0.28059047,-0.408519
74104,Lamp5,0.25425434,-0.24287978
268073,L6 IT,0.2464295,0.017029166
39946,L5 ET,-0.29895872,-0.17603672
136403,L5 ET,0.08322966,-0.047778875
136398,Micro,-0.15363571,-0.35948884
100428,L6 CT,0.045865893,0.009195328
193812,Peri,-0.17496479,-0.29477894
73776,Endo,-0.2500453,-0.42839217
73734,L2/3 IT,-0.2553079,-0.29078132
263225,L6 IT Car3,0.1930511,0.26392585
135235,Peri,0.16655988,-0.21876568
214240,L6 CT,-0.04647249,0.08898747
233883,Vip,0.22983807,-0.1378349
256920,Lamp5,-0.30652493,-0.400043
225349,L5 ET,-0.26433545,-0.16244176
57943,Peri,-0.23645148,-0.16735566
74849,Oligo,0.12395209,-0.16590792
219266,Endo,0.23952258,0.18633229
206030,Pvalb,0.1869601,-0.11235985
242536,L5 IT,0.34124964,0.2657454
74824,Micro,0.066211164,0.19752628
268120,L4/5 IT,0.3673542,0.05134678
74819,Endo,-0.065249026,0.25167835
39742,L6 CT,0.12397879,0.26515698
135336,L6 IT,-0.14024884,0.075935006
74811,L6 IT,-0.06000021,0.13812059
135347,L2/3 IT,-0.34706277,-0.38795325
256681,Oligo,-0.29447216,0.07960844
135383,L4/5 IT,-0.23309314,-0.2348958
74835,L6 CT,0.16347909,0.22143394
136553,L2/3 IT,-0.13324505,-0.36132005
70876,L6 CT,-0.074734926,0.00891161
39734,Vip,0.28348613,0.07895118
11345,L6 IT,0.098855495,0.22283524
135020,SMC,0.0999465,0.20732653
194042,L5 IT,-0.03920877,-0.15884838
74935,L5 ET,0.2715155,0.1216383
135055,L6 CT,-0.3993762,0.0024778247
233888,L4/5 IT,0.36763602,0.13061494
225310,L6 IT,0.012904882,0.15016007
40486,L5 IT,0.17630315,0.023673177
74928,Oligo,-0.0032283664,0.15369534
268126,L6 CT,0.008896232,0.09530008
70846,Endo,0.04393035,0.13982022
136584,Oligo,0.037994266,0.19961601
70852,L5/6 NP,0.054928124,-0.10887545
70862,L5 IT,-0.2487869,-0.1516448
74881,L5 ET,-0.389525,-0.07385427
135169,Micro,0.090189815,-0.19866216
135179,L6 CT,0.0110369325,0.10124129
273244,Oligo,-0.36672336,0.14514023
98540,L5/6 NP,-0.40793124,-0.10635579
40426,Oligo,-0.04611811,0.17179322
11350,VLMC,-0.39019096,-0.4162254
214287,L6 IT,-0.062096804,0.048280954
213934,Endo,0.19252717,-0.1350502
205997,Oligo,-0.37095004,0.13781631
98667,Astro,0.008626103,0.1377238
193522,L4/5 IT,0.19515634,-0.06350654
213965,L5/6 NP,-0.46302444,-0.08780217
70990,Endo,0.103239894,-0.10363358
71401,Oligo,0.16121483,-0.16550332
135564,L5/6 NP,0.19444239,0.08687997
58893,Oligo,-0.3112519,0.1162563
57730,Oligo,-0.13118431,0.21938759
100824,L6 CT,-0.056358397,0.13513207
100414,L6 IT,-0.21668774,-0.05344224
219284,L6 IT,-0.37258506,-0.0032698512
71012,Pvalb,0.27355874,0.003474176
74642,Oligo,-0.03888473,0.24858344
135590,L4/5 IT,-0.32486194,-0.22432527
135591,L6 IT,0.02201891,0.21320659
225399,L2/3 IT,-0.46839437,-0.4067278
213978,L6 IT,-0.3448574,-0.026845515
71034,L6 IT,-0.04699424,0.11445302
74570,Astro,0.22533119,-0.19787484
13095,Astro,0.41462964,0.073417366
193855,Endo,-0.41212216,-0.43104422
100396,L2/3 IT,-0.31320322,-0.32842207
40265,Astro,0.16891164,-0.07486525
225369,L5 IT,-0.41028666,-0.19017881
57669,L2/3 IT,-0.28462458,-0.30386236
135409,OPC,-0.16576302,-0.20043817
246697,Micro,0.22715396,0.08649939
74748,L6 CT,-0.38356447,0.063836396
193900,Peri,-0.16650525,-0.23322809
262857,Micro,-0.15979093,-0.36857584
278269,Micro,-0.27142745,-0.32424784
71437,L5 IT,0.24216509,0.14586747
100924,Sst,0.088371456,0.055948198
135544,OPC,0.07864219,0.27709126
193886,Astro,-0.006410986,0.28852028
193875,L6 CT,0.06607586,0.17792195
273368,L6 CT,0.036486864,0.074825704
136510,OPC,-0.19706175,0.18688214
214239,L6 CT,-0.07050666,0.104521275
74710,L2/3 IT,-0.2705082,-0.38029468
74706,Oligo,-0.09734756,0.18540537
136502,L2/3 IT,-0.02831152,-0.2629497
57928,Micro,0.20090753,0.10401708
100901,Astro,0.3046342,0.04574251
70953,L4/5 IT,-0.25905907,-0.18963549
242527,Lamp5,-0.0041373074,0.099007905
57400,Endo,0.19958782,-0.19693765
205120,L6 IT,-0.35333902,-0.029598325
131672,L4/5 IT,0.35773367,0.07244635
11150,L2/3 IT,-0.072971225,-0.2776404
267008,L4/5 IT,-0.37481427,-0.26334262
14925,Endo,0.10547829,0.25237608
131721,Astro,0.14306766,-0.08678931
102587,L4/5 IT,0.25551015,-0.049521863
102572,L6 CT,0.011362612,0.076777816
39266,L6 IT,0.05026388,0.054779053
267998,Oligo,0.10809362,0.15550995
97745,L2/3 IT,0.10166144,-0.230688
204823,Astro,-0.01705423,0.21212012
131783,Endo,0.02162093,0.15127504
131796,L6 CT,-0.03665945,0.053020656
97797,Vip,0.22796547,-0.20990708
219537,Astro,0.12974507,-0.091017246
267019,PVM,-0.016437888,0.2712834
213131,L5/6 NP,0.12415874,0.0026780963
57045,L5/6 NP,-0.4331125,-0.08437747
39274,PVM,-0.22205374,-0.39066613
73218,L4/5 IT,-0.3329388,-0.25919777
267003,L4/5 IT,-0.42252097,-0.32097307
77015,L5 IT,-0.327542,-0.17814323
77024,Astro,-0.4100936,0.13768697
97714,L4/5 IT,0.265643,-0.0283809
59380,L2/3 IT,-0.24101871,-0.37760466
39261,L5 IT,0.16775501,0.08964199
204803,L2/3 IT,-0.32396948,-0.30437785
77109,Oligo,0.039948583,0.12153363
14920,L4/5 IT,0.37881362,0.07644564
219830,Micro,0.30593276,0.03650999
69770,L2/3 IT,-0.06656933,-0.28220987
97721,L5 ET,-0.3884508,-0.088650584
11559,L4/5 IT,0.17272127,-0.13229468
131581,L6 CT,0.0021540523,0.155716
97729,L4/5 IT,0.26119334,-0.03929156
278204,VLMC,-0.12236923,-0.39676043
56995,Sst,-0.29663298,0.05342728
69787,Peri,0.14985502,-0.2925216
131651,L4/5 IT,0.25948113,-0.04801929
257479,L6 CT,-0.27308953,-0.028009683
225680,Sst,0.22961456,0.2686156
195143,L6 IT,-0.041496724,0.15528858
59370,L5 IT,-0.43008253,-0.16431093
73213,L4/5 IT,-0.16236296,-0.19806793
71678,L4/5 IT,0.2494632,-0.00856632
58149,L6 CT,-0.2640996,0.001562655
97826,Endo,-0.19744685,-0.2705117
215448,Oligo,0.014326274,0.16120481
71674,L4/5 IT,0.25624126,0.0029749274
57093,OPC,0.28528595,-0.054717362
235173,L5 IT,0.23071784,0.0672279
204847,L6 CT,0.17210877,0.12661242
97911,Peri,-0.20879766,-0.16941828
76749,Astro,0.06559396,0.26969063
137495,Endo,0.025769055,0.15060139
214894,Astro,-0.29171935,-0.2032772
242557,Sst,-0.27473179,-0.22883314
194956,L6 IT,-0.3454876,-0.085338235
8775,OPC,0.032859445,0.30382478
267073,Astro,0.24403054,-0.123567104
97952,Endo,0.017131448,0.28043723
193175,Peri,0.027213812,0.27483928
39322,L6 IT,-0.42550755,-0.0067543387
76670,L4/5 IT,0.23711014,-0.031160444
224750,Oligo,-0.013011128,0.23846453
70022,L2/3 IT,0.28986776,-0.047703266
132254,OPC,0.09919548,-0.07767022
219795,L5 IT,-0.40247357,-0.20363659
131505,L5 ET,-0.36137408,-0.15848646
244751,Endo,0.16494143,-0.010489911
132010,Astro,0.32137388,0.03847581
42127,L2/3 IT,-0.11010313,-0.3023766
137508,Sst,-0.058027685,-0.13782424
8776,L6 CT,0.0897854,0.18935049
69924,L6 IT,-0.24601388,-0.0086196065
97870,PVM,-0.12520981,-0.36568022
131907,L2/3 IT,0.17163223,-0.2460809
5015,L4/5 IT,0.2485246,-0.007277429
224670,Endo,0.12493473,-0.17079058
131935,L6 IT,0.08710146,0.26928395
206256,L5 IT,0.18735647,0.03050828
102419,Peri,-0.26831776,-0.35953224
39299,Pvalb,-0.13809091,-0.29000267
42061,L5 ET,-0.3167743,-0.15928042
195015,SMC,-0.46236718,-0.41896397
97888,L6 IT Car3,0.17490017,0.27451342
59300,L5 IT,-0.1859048,-0.14483789
257410,Astro,-0.30661994,0.15228784
195010,OPC,0.31582904,0.34237152
42045,L6 CT,0.0021580458,0.08666146
102407,Oligo,0.0133779645,0.299286
42068,L4/5 IT,0.05069244,-0.165216
262581,Micro,-0.20692885,-0.38546774
77145,Endo,0.4369536,0.09490365
219088,Pvalb,0.34948212,0.11587626
11562,L2/3 IT,-0.2404469,-0.25009507
257614,Astro,-0.29718482,0.10687083
212975,L6 IT,0.2061091,0.11040515
137599,PVM,0.15933055,-0.15289226
131079,L6b,-0.029370934,0.22723639
236025,L6 CT,-0.34733194,-0.010854423
131087,L4/5 IT,-0.42805216,-0.2568376
131090,L4/5 IT,-0.35299677,-0.23568922
243202,L6 IT,-0.36037272,0.016140223
137634,L6 CT,-0.057205975,0.077907145
131104,L6 CT,-0.37220424,0.006719053
131113,L4/5 IT,0.34077942,0.07890743
69629,L4/5 IT,-0.1633234,-0.22906402
100042,PVM,0.074500084,0.3045609
137584,Oligo,-0.027328104,-0.1762543
215565,L4/5 IT,0.2244469,-0.09063095
215561,Endo,-0.2339679,-0.3095743
77315,L5 IT,-0.22704613,-0.14566153
131176,L5 IT,0.09116346,-0.065463394
267708,L4/5 IT,0.1138224,-0.14079046
273466,Endo,-0.2234042,-0.30471897
102846,Endo,-0.27996463,-0.19247344
5098,L5/6 NP,0.04063636,-0.047031224
77333,L4/5 IT,0.2757147,-0.015874714
102920,Astro,0.18672073,-0.006697297
137655,L2/3 IT,-0.30005765,-0.3192734
77449,Astro,-0.3369558,-0.34145558
130797,L5 ET,-0.38130343,-0.18530941
69545,Astro,-0.34672394,-0.42135274
77435,SMC,-0.35012442,-0.25049284
130862,Micro,0.20505178,-0.18998331
137640,Astro,-0.37798175,0.12870681
13167,L6 CT,0.11114371,0.05240476
266942,L5 IT,0.235344,0.12248832
39217,Endo,-0.31903443,-0.21181533
58175,L2/3 IT,-0.19315326,-0.35681185
42572,L4/5 IT,-0.4105832,-0.25465572
77398,L6 IT,-0.42395627,-0.03437817
97610,Pvalb,-0.35330474,-0.26400167
266932,L6 IT,-0.39654875,-0.12803254
77362,Peri,-0.3379672,-0.26919526
8822,Oligo,-0.05622974,0.25484014
130945,L5 IT,0.3329305,0.11249411
77346,L5 ET,0.19462949,0.03280574
97608,L6 CT,0.09712762,0.14841497
8773,Endo,-0.38889465,0.13904458
56897,L2/3 IT,-0.28739548,-0.3853554
257556,VLMC,-0.02876246,-0.38945308
69705,L6 CT,-0.024772584,0.10502553
131339,L6 IT,0.19189978,0.39516664
39249,Oligo,-0.111641705,0.20525402
224543,L2/3 IT,-0.096206784,-0.2698478
224548,OPC,0.16480434,-0.26964724
233979,L5 ET,-0.028629124,0.014190376
11874,L5 IT,0.11852038,0.0851689
5048,Endo,0.064157605,0.25017786
213030,L4/5 IT,0.3912713,0.19406676
102763,L2/3 IT,0.1493864,-0.23677036
59405,L2/3 IT,0.4392087,0.031414688
42333,L2/3 IT,0.43333793,0.08168346
39257,SMC,0.09364319,0.22799772
131406,L5/6 NP,0.16820294,0.20786387
137555,L4/5 IT,-0.40965003,-0.23481825
131413,Oligo,-0.32524824,0.14883566
213031,Oligo,-0.11311212,0.2227273
102678,L2/3 IT,-0.20218337,-0.36641634
268315,Sst,0.22939754,0.10411513
244623,Lamp5,0.0031804442,0.14462364
39252,L4/5 IT,0.22353148,-0.05768588
5086,Endo,0.24119467,0.12394124
97678,Lamp5,0.16440535,-0.18316087
263382,Endo,-0.2629642,-0.1321364
8276,L2/3 IT,0.1066466,-0.16962677
204750,Oligo,-0.06657258,0.20752531
213002,Pvalb,0.16019857,-0.028374434
195269,Astro,0.08764076,-0.15567255
243534,VLMC,0.17386746,-0.27391005
131259,Astro,-0.37008315,-0.39870018
131261,Endo,-0.22858253,-0.0043180287
42437,L6b,-0.29558545,0.10861969
233986,L6 CT,-0.1272673,0.036331058
237301,L5 ET,-0.46233332,-0.08866131
131265,Lamp5,0.114421785,-0.22166562
8815,L6 CT,0.023173034,0.09724951
131277,Astro,0.12795746,-0.1735729
42416,L2/3 IT,-0.2539171,-0.37693897
97675,L5 ET,-0.42500237,-0.15297553
39238,PVM,0.10145068,-0.16408229
213005,L5 IT,0.07750243,-0.106714785
71711,Micro,-0.08579832,-0.2608246
102798,Endo,0.0387187,-0.19740447
102790,L6 CT,0.052497447,0.10732967
137582,Oligo,-0.016494483,0.1669789
39208,L6 CT,0.08708787,0.12920892
224761,L2/3 IT,-0.2935105,-0.35932928
41911,L5 IT,-0.38413382,-0.11526358
76203,Astro,-0.30738485,-0.33719826
194624,L5 IT,0.36362994,0.3187427
4928,L2/3 IT,-0.30793637,-0.30090332
76174,L5/6 NP,0.12321198,-0.01568091
99070,Sncg,0.3238902,0.040787995
133145,OPC,-0.16516757,-0.19327793
233944,L2/3 IT,0.2931767,-0.16183102
70280,PVM,0.02921319,0.20594662
133165,L5 ET,0.2675495,0.16002142
100186,Vip,0.33684605,0.48891443
137062,L6 CT,0.026744366,0.113866985
15011,OPC,-0.07328069,0.19901383
267195,L6 IT,-0.040188283,0.12399596
101867,L6 CT,0.08693528,0.18025064
256615,Peri,-0.38017264,-0.27668202
71549,L6 IT,0.03578168,0.19054317
263299,L5/6 NP,-0.002295196,-0.07836375
205020,Astro,-0.3642382,-0.19620347
193336,L2/3 IT,-0.23419651,-0.29583675
73438,Micro,0.021039188,-0.2832526
273078,Pvalb,0.20782977,0.30974418
76233,L6 IT Car3,0.18915701,0.32158744
76234,L4/5 IT,-0.08765781,-0.21484584
213385,Oligo,0.22660488,0.019589245
11210,L2/3 IT,0.4677497,0.13251787
132907,L6 IT,-0.43596876,-0.09282404
132946,Lamp5,0.2863695,0.16589636
132949,L5 ET,0.04158032,-0.011744022
41554,SMC,-0.360869,-0.4678371
204953,L5 IT,0.19618589,-0.019030303
133005,Oligo,-0.26320803,-0.17420784
133017,Endo,-0.33158383,-0.36631384
215318,Astro,0.23513132,-0.008959085
224945,L4/5 IT,0.18512821,-0.05215931
194644,Sst,0.22615099,0.35415012
133042,L5 IT,0.3024814,0.22045237
57227,L4/5 IT,0.10746139,-0.09223211
41511,L6 CT,0.0028915405,0.1418454
137198,Astro,-0.37612867,0.1478427
59177,Endo,-0.38049948,-0.41645986
194642,L5 ET,-0.34556264,-0.0874185
194640,L4/5 IT,-0.26681006,-0.23681414
233948,L2/3 IT,0.3353178,-0.09758359
257267,Endo,0.11887014,0.34365594
101835,Endo,-0.35719305,-0.45133483
76009,L4/5 IT,0.22511625,-0.07663837
194576,L4/5 IT,0.10703236,-0.12138158
101723,L2/3 IT,-0.35352498,-0.36884534
8361,L5 IT,0.22809118,0.11486161
205090,L4/5 IT,0.31689388,-0.038956314
133422,L6b,-0.11493915,0.119454384
215296,L2/3 IT,-0.25332665,-0.3835048
206146,OPC,0.26462275,0.064950764
136905,L6 CT,-0.39186206,0.02202046
101637,L2/3 IT,-0.40104416,-0.31616285
219586,L2/3 IT,0.41113985,0.028983474
75944,L6 IT,0.1554609,0.15267742
39558,SMC,-0.34771156,-0.43878913
100248,Oligo,-0.39380106,0.116297245
257191,L6 CT,-0.3198772,-0.06350684
4536,Oligo,-0.28043133,-0.112781316
234473,Astro,0.17099714,-0.23923492
136885,L6 IT,0.19355893,0.18808395
219205,Oligo,-0.27033365,0.15217501
133491,L5 ET,0.17213577,0.016640425
267255,L2/3 IT,-0.13566887,-0.30622542
215270,L2/3 IT,0.28303003,-0.048163086
277720,L6 CT,0.0301072,0.11743069
59187,Oligo,-0.30940425,0.09602076
219739,Endo,-0.359918,-0.42701095
57333,Endo,0.08473432,0.23515493
98186,Sst,-0.30529028,-0.32756507
219188,Astro,-0.30427277,-0.1122134
75987,L5 IT,0.25753444,0.07019234
219743,L6 IT,-0.3944902,-0.09093541
15218,L5 IT,-0.3830902,-0.16637132
98187,L4/5 IT,0.3347631,0.04647529
98205,L6 CT,-0.3928079,-0.030194372
219741,L5 ET,0.17093581,0.036788225
136957,Astro,0.18989491,-0.27297232
273099,L4/5 IT,0.18942624,-0.11054483
41403,L2/3 IT,-0.34293658,-0.29574198
237327,L2/3 IT,-0.36598176,-0.40330803
193348,Astro,-0.35085356,0.14260876
75971,Astro,-0.22146013,-0.4075923
219194,L5/6 NP,-0.40926832,-0.07358736
41374,L6 CT,-0.2528547,-0.023849547
136917,Peri,-0.3731243,-0.31780457
41368,Astro,0.05493009,0.2686702
4913,L2/3 IT,-0.33454555,-0.28585956
41358,Pvalb,0.060153306,0.11316782
41397,L2/3 IT,0.27861637,-0.07181868
102090,L4/5 IT,0.17570037,-0.12391439
58695,Astro,0.20576024,-0.26649925
224903,L6 CT,-0.24983642,-0.01078102
194875,L2/3 IT,-0.11336404,-0.23238721
132445,L2/3 IT,-0.26892382,-0.41357666
193240,L4/5 IT,-0.03362912,-0.13255724
98000,Peri,-0.24381825,-0.26331398
137336,Peri,0.12191421,-0.12498221
273020,Pvalb,0.26776862,0.045605242
257329,Endo,0.07640827,0.2311706
278242,Endo,0.2136662,0.08670378
41784,Endo,-0.09408206,0.23526841
41844,Lamp5,-0.009049654,0.1234231
194796,L2/3 IT,0.33306473,-0.0009377003
137314,L4/5 IT,0.18393445,-0.07346058
213317,PVM,-0.41386443,0.12943715
237319,SMC,-0.4232822,-0.2861542
214316,L5/6 NP,-0.020524055,0.08662009
215377,VLMC,-0.14137578,-0.4290541
132593,L6 IT,0.044044793,0.16122186
100145,Oligo,0.03760177,0.08757877
58112,L6 CT,0.06315774,0.05822277
99088,L4/5 IT,-0.3880939,-0.27418247
213308,Micro,0.14196622,-0.21079168
219778,Peri,0.10217035,0.25214702
59225,L5/6 NP,0.21744531,0.06305748
76535,Endo,-0.20829672,0.17282987
11538,L2/3 IT,-0.34625065,-0.39764392
137455,L4/5 IT,0.30589145,0.026623249
224765,Oligo,-0.11886904,0.21947974
41903,Micro,-0.31408215,-0.39838666
268267,OPC,0.02197665,0.2363171
194918,Oligo,-0.061796904,0.19890964
11856,Micro,0.10313344,-0.063599706
215406,Pvalb,0.20680618,0.093749285
204881,L6 CT,-0.35528234,-0.062260747
15252,L6 IT,-0.37921953,-0.018438429
244874,L2/3 IT,-0.1917859,-0.3606602
193195,Micro,-0.20242542,-0.14917815
132309,PVM,-0.2535438,-0.21798491
4984,L6 CT,-0.09907693,0.008825719
193210,L2/3 IT,-0.33764616,-0.37993208
102283,PVM,-0.31977066,-0.4366443
4484,Astro,-0.29391813,0.15822852
246538,L4/5 IT,-0.411555,-0.29134488
100136,L2/3 IT,0.29364538,-0.06629592
102276,L6 IT,-0.012052089,0.12732923
132278,L2/3 IT,-0.16858795,-0.2906132
243487,L2/3 IT,0.32587093,-0.042106688
41748,Oligo,-0.4036763,0.12841731
102210,Micro,0.12793964,-0.18081808
268254,L2/3 IT,0.38031894,0.04147488
194749,L5 IT,-0.22174048,-0.1816923
102145,Micro,0.37367862,0.019204259
132703,L5 IT,0.25965953,0.052145123
41650,L4/5 IT,0.1560024,-0.10866967
132720,Micro,0.09814149,-0.13333982
73415,Oligo,-0.24823302,0.14159322
132727,L5 IT,0.23075163,0.29820412
4947,L5 ET,-0.37526268,-0.16082162
41665,L4/5 IT,-0.38485697,-0.20736697
193259,L6 CT,-0.33433357,-0.019570649
102133,Pvalb,-0.24291146,-0.2835456
239645,Peri,-0.4202346,-0.2790293
132816,L6 IT,-0.08784923,0.024326503
11846,L4/5 IT,-0.23195964,-0.2988602
237323,Oligo,-0.14019078,0.16215909
256591,L2/3 IT,-0.23284948,-0.2535296
213353,L4/5 IT,-0.2931832,-0.22610629
137207,L4/5 IT,-0.39394003,-0.23431936
41593,Lamp5,-0.098056346,-0.23727828
213351,Endo,0.29343516,0.13222134
41747,L4/5 IT,-0.39667642,-0.28319293
100154,L6 IT,-0.0064407587,0.016328633
14993,Oligo,-0.05363965,0.25268346
268007,Oligo,0.20610082,-0.16743585
279511,L6 IT,-0.036752373,0.11535072
219777,L2/3 IT,-0.25560635,-0.3700198
225633,L2/3 IT,-0.22512946,-0.3918844
132621,L2/3 IT,-0.21331292,-0.34185803
137275,L6 CT,-0.41039658,-0.04644698
76413,Oligo,-0.3502003,0.1636473
233964,OPC,0.19502413,0.32087046
204924,L6 CT,-0.038779408,0.079853654
102158,Oligo,0.017013013,0.17201895
102177,Oligo,-0.059194982,0.22230273
57198,Oligo,-0.028189152,0.057697177
41690,Oligo,-0.13707787,0.17374647
57199,Astro,-0.23444867,-0.1438314
76385,Endo,-0.1263144,-0.23019928
132659,Astro,0.15303516,-0.2701198
58092,Micro,-0.2271198,-0.41025448
132664,L6b,-0.04487464,0.20946532
132667,L6 IT,0.13559586,0.3418393
70142,VLMC,-0.31933004,-0.46131328
15246,OPC,-0.33510613,0.14043951
110798,Vip,0.37071633,0.058343828
258772,L4/5 IT,-0.41821548,-0.23074391
81001,Lamp5,-0.36736423,-0.40936062
88734,L6 IT,0.12011117,0.07930529
50394,PVM,-0.04953754,0.26555628
260382,L5 IT,-0.1565023,-0.14502585
50379,L6b,-0.0449847,0.15387404
244184,L6 IT,-0.018604308,0.17180294
115385,L6 IT,-0.42272335,-0.0824565
115391,L2/3 IT,0.3502056,0.059362292
50362,Oligo,-0.42974004,0.032871425
202818,L6 CT,0.08308154,0.09915489
217464,L5 ET,-0.38816416,-0.07876533
88752,L2/3 IT,-0.37560397,-0.39035112
50360,Oligo,-0.22738203,0.16888082
115418,Astro,-0.290526,-0.41638708
115459,Oligo,-0.36354923,0.13538921
115478,Oligo,0.14040935,0.18798083
50333,L2/3 IT,0.48130906,0.11450362
61494,Sst,0.10900688,0.035012364
115500,Astro,-0.12591225,-0.18657231
53920,OPC,0.19439626,0.4204421
53931,Astro,-0.359226,0.13873863
115532,Micro,0.17115915,-0.1959064
50300,Oligo,-0.3372138,0.13518101
88696,L5 IT,-0.39298403,-0.13929397
264940,OPC,0.32643932,-0.028656512
115307,L4/5 IT,-0.36459917,-0.1867845
236484,L4/5 IT,-0.45695537,-0.25311732
209155,L6 IT,-0.39007598,-0.09561786
261560,OPC,0.28497946,0.36628896
115050,L5 IT,-0.3943562,-0.17943403
261566,VLMC,-0.25388488,-0.46186402
202778,L2/3 IT,-0.21634802,-0.3583552
50547,Endo,0.1574679,-0.21401125
115059,L2/3 IT,0.16894144,-0.24960876
50542,Astro,-0.048431486,-0.23000607
115074,L2/3 IT,0.22812659,-0.1598432
108717,Oligo,0.073082626,0.10401344
271028,Endo,0.1669702,-0.2852165
269425,Astro,0.27060413,0.09272671
221854,Lamp5,-0.35534564,-0.42874125
115117,Pvalb,0.32703483,-0.0101441145
278570,L2/3 IT,-0.22199973,-0.30288717
271641,Endo,0.08411133,0.24882478
260420,Astro,-0.23276675,-0.33728567
115165,Endo,-0.3534489,-0.29908276
115173,Lamp5,-0.19609007,-0.37349394
207739,L4/5 IT,0.35321593,0.11288917
61523,Astro,-0.24781153,-0.14916897
115246,PVM,-0.041981757,-0.3340938
115259,L4/5 IT,-0.39465213,-0.26559722
115544,Oligo,-0.16062978,0.1999799
200512,L2/3 IT,0.29346502,-0.052854747
88668,Pvalb,0.09510672,0.113567114
6859,L5 IT,-0.09428322,-0.1432879
88456,Oligo,-0.02263844,0.2712624
50157,L4/5 IT,-0.24893814,-0.25159013
9289,L5 ET,0.32074738,0.20769864
264994,Micro,0.32390326,0.123654544
93963,Oligo,-0.2617106,0.16473287
12453,Micro,-0.12953907,-0.37028283
115879,Endo,-0.32276815,0.002363801
88373,L5 ET,-0.15636456,-0.055449486
269384,Micro,0.18357241,-0.1475141
209310,L2/3 IT,-0.05702102,-0.25837797
108461,Endo,0.33618802,0.05948341
64162,L6 CT,-0.25086856,0.007192135
115909,L2/3 IT,-0.06095344,-0.3078094
53976,L4/5 IT,0.13867605,-0.100838035
64170,Oligo,0.07357925,0.08929235
93970,L4/5 IT,0.028912604,-0.17575079
234790,OPC,-0.12819266,-0.3372522
209325,L4/5 IT,-0.39604384,-0.23876566
50098,PVM,0.054561734,0.2549401
6799,Astro,0.24187559,0.35462993
50088,L4/5 IT,0.39394772,0.1306696
116034,PVM,-0.007858366,-0.29521057
260269,Endo,0.13576531,-0.15992564
88509,Oligo,0.055883348,0.20658606
6922,OPC,0.029692411,0.17159796
244443,L4/5 IT,0.36562824,0.27811146
88529,Endo,0.1011852,0.30127144
64034,Endo,-0.05522424,-0.19502673
200490,L4/5 IT,0.3222593,0.027928293
88648,L6 IT,-0.3213041,-0.10427049
88642,L2/3 IT,-0.18790835,-0.3541261
260359,Oligo,0.017813146,-0.10151565
200475,L5 ET,-0.21655783,-0.055902004
88634,Endo,0.2617237,0.10264361
108520,L6 CT,0.069854915,0.12467462
278689,L6 IT,-0.01208055,0.14070809
88608,PVM,0.12240219,-0.14196587
209227,L5 IT,0.055577278,0.03480667
108493,L5 IT,0.2072556,0.033442676
50261,Lamp5,0.16968507,0.1951477
53946,Peri,0.1459738,0.22257274
61462,L6 CT,-0.25311387,-0.012722939
88590,L2/3 IT,0.15455884,-0.20079058
115656,L6 CT,-0.35446855,0.04746598
88576,Oligo,-0.29165182,0.1591413
88574,Sst,0.22381926,0.049663484
200449,L6b,-0.06144938,0.18456048
242101,Astro,-0.3414582,0.122846186
220703,Astro,-0.39589614,0.14048445
271691,L6 IT,0.10137504,0.26020008
93921,L5 IT,0.07363522,0.017169952
64195,L4/5 IT,0.3371243,0.067756474
220737,L4/5 IT,0.100896835,-0.13110146
50578,L2/3 IT,-0.114510566,-0.314772
114389,L6 IT,-0.38781515,-0.09470585
50898,VLMC,-0.28228313,-0.45917356
244408,L2/3 IT,-0.13593408,-0.3323936
209063,Pvalb,0.23510051,0.067582786
108942,L4/5 IT,-0.38153276,-0.25447464
50887,L2/3 IT,-0.19401565,-0.31832904
50879,Endo,0.21844476,0.20303899
260568,L4/5 IT,-0.32146496,-0.23130554
9770,OPC,0.09601748,0.317015
50876,Oligo,-0.14414161,0.19514722
93583,L5 ET,-0.019154608,-0.12302509
200891,Astro,0.17393333,-0.2337532
264850,OPC,0.22307754,-0.016801655
89255,Astro,0.18504077,-0.23716104
89240,Endo,0.11751586,-0.15143698
93641,L6 CT,-0.399185,-0.020492285
50860,L4/5 IT,0.20096207,-0.08163017
53724,L5 ET,-0.4221772,-0.17826411
12503,L2/3 IT,-0.32833582,-0.34904376
271581,Astro,0.38119364,0.013299763
264859,Astro,-0.080997795,-0.31222016
235681,L5 IT,0.14753312,0.035554707
264849,Vip,-0.43427253,-0.3269434
114341,L5 IT,-0.32239437,-0.14878756
245592,L2/3 IT,0.17758006,-0.2827974
108998,L6 CT,0.18291265,0.28709477
209028,Astro,0.2740063,-0.2480782
114175,L2/3 IT,0.46170992,0.05951941
63640,Astro,0.18255168,-0.1790145
61665,L4/5 IT,-0.33534843,-0.22693235
261520,L5 IT,-0.2407161,-0.14806819
114200,L5 IT,0.3583644,0.23396581
200950,L4/5 IT,0.31459337,-0.017318279
63642,Vip,-0.26196623,-0.37083453
114205,L6 CT,0.14670807,0.1261841
109048,Astro,-0.36046648,-0.36237124
200944,Pvalb,0.3344928,0.058778405
50955,L6 CT,0.055110514,0.11259246
6981,Endo,0.10110384,-0.14113253
50953,Astro,0.10476506,-0.06072396
114261,Endo,-0.36538917,-0.4300674
89377,L5 IT,0.039952278,-0.0036465526
9331,L2/3 IT,-0.15736264,-0.34373397
114275,Endo,0.114254415,-0.11294526
209059,Endo,0.06029147,0.094680965
114291,L4/5 IT,0.10467845,-0.0914748
109029,L6 CT,-0.33491084,0.049036503
260585,L2/3 IT,0.18734115,-0.1934667
264146,L4/5 IT,0.40276295,0.37318867
114547,Micro,-0.30264425,-0.4359291
218357,Astro,0.13320959,-0.20470756
202738,L6 IT,0.07483858,0.062943816
264099,Oligo,0.32001972,0.26633728
88986,L2/3 IT,-0.452678,-0.31198227
88980,L6 CT,0.021504879,0.02471459
53795,Endo,0.08642334,0.27973914
260459,Pvalb,-0.29578167,-0.32299405
108778,Endo,-0.41188228,0.11404985
63876,L5 ET,0.16060358,-0.021460593
271617,L6 IT,0.046215594,0.21895069
269762,L5 IT,0.08337891,-0.041255385
114900,L2/3 IT,-0.33796486,-0.29712063
114903,L5 ET,0.19339633,0.109683335
245620,L6 CT,0.14641887,0.20832169
269434,L4/5 IT,0.368232,0.2097562
6930,L6 CT,0.20044553,0.15040755
279037,Astro,0.10415703,0.220855
14032,Endo,-0.24202913,-0.06428984
63882,Sst,-0.3986783,-0.082184374
200676,L5 IT,0.24696964,0.16465175
108745,Vip,0.12714893,0.06610632
202777,L6 IT,0.05080545,0.02944696
88911,Lamp5,-0.34455025,-0.40135974
207759,L4/5 IT,0.34141654,0.0589422
50583,L2/3 IT,-0.30472207,-0.39570707
264917,L2/3 IT,-0.24265847,-0.35899782
63858,Oligo,-0.32744008,0.15942454
115028,Astro,0.30714136,0.055490077
88998,L5 ET,0.31152672,0.37191337
114856,Oligo,-0.10765335,0.21143377
217545,Endo,0.06937134,0.14453232
89136,L2/3 IT,0.087218225,-0.26881048
114621,Oligo,-0.13363796,0.000946939
244208,VLMC,-0.1557278,-0.4302937
61595,PVM,-0.057245433,-0.25444686
53752,Pvalb,-0.33775175,0.032208085
12806,Astro,-0.30755317,-0.37390167
217539,Endo,-0.21011803,-0.395422
114642,L6 IT,0.13073498,0.041994035
200807,L4/5 IT,-0.4236507,-0.19979367
93741,Oligo,-0.06490183,0.24457318
50767,L6 CT,-0.0051228106,0.12635761
50757,L6 CT,-0.39552695,-0.06483024
207788,Oligo,-0.3642168,0.01044029
264891,L6 CT,-0.024617732,0.13576698
50745,L5 IT,0.05805111,0.009169936
277890,Pvalb,0.21037102,-0.07262221
114739,L2/3 IT,0.24086404,-0.11388549
14016,Astro,0.12473112,-0.17105454
93764,L5/6 NP,0.32338595,0.25117695
61551,L6 IT,0.20340341,0.18995416
108803,L2/3 IT,-0.3266413,-0.38112748
50704,L6 CT,-0.034266025,0.07647556
108787,L6 IT,-0.40702316,-0.09533006
236487,L5 ET,-0.46372983,-0.1701315
245676,Oligo,-0.31330281,0.024991035
12445,L6 CT,-0.37993932,-0.07610521
234652,L2/3 IT,-0.37700438,-0.32025146
265208,L2/3 IT,-0.20392168,-0.27099866
260037,Astro,0.21107471,-0.15553433
117357,L2/3 IT,-0.30973285,-0.34554714
94260,Pvalb,-0.27345407,-0.22702917
117382,L2/3 IT,-0.34684074,-0.31663698
117387,L5 IT,0.13072336,0.042988658
107987,Astro,0.12325722,-0.1229904
260017,L6 IT,-0.41230935,0.026755393
222297,L6 IT,-0.4226763,0.01936251
202983,L5 IT,0.27740026,0.15042514
269283,L2/3 IT,-0.21376523,-0.32449776
64720,L6 CT,0.06162113,0.25261217
54227,L2/3 IT,-0.19836351,-0.3589481
222299,Pvalb,0.15654486,0.04470235
9253,Oligo,-0.21282583,0.18361795
107912,Micro,0.106645286,-0.14330742
209798,Oligo,-0.052686155,0.22773594
199858,VLMC,0.16861588,-0.27687973
222312,Endo,-0.33018744,-0.42418456
54252,L5 IT,0.20703143,0.14278764
49274,L5 IT,0.052389443,-0.09599659
94286,L4/5 IT,0.36474764,0.095847785
54211,Endo,-0.3463828,-0.2763407
222274,L2/3 IT,-0.1515972,-0.31589788
49399,L4/5 IT,-0.3205238,-0.24606764
94175,L4/5 IT,-0.3603995,-0.25206065
108063,L5 ET,-0.2461622,-0.12890667
236462,OPC,0.29718852,0.109402716
6658,L4/5 IT,-0.3903512,-0.25554454
222242,L2/3 IT,-0.4025008,-0.32473874
87321,Pvalb,0.31306684,0.010970533
87305,L4/5 IT,-0.38359496,-0.23347464
117199,L2/3 IT,0.077368796,-0.20825627
87250,L6 IT,-0.08076754,0.13891983
269286,Oligo,0.064855695,0.18913716
94227,VLMC,-0.29227957,-0.45292646
94228,L4/5 IT,0.1857633,-0.12331265
222258,L6 CT,-0.4216656,-0.019791663
61267,L6 IT,-0.114480525,0.083856404
49440,L6 CT,-0.3431447,0.03678906
87205,L6 IT,0.017834008,0.07770085
61259,L4/5 IT,0.11632115,-0.15054446
117268,L2/3 IT,0.3744961,-0.07009095
6649,Micro,-0.3096233,-0.22855783
265186,Pvalb,-0.2512157,-0.1439349
10013,L6 CT,0.12294257,0.20283526
87155,L2/3 IT,-0.28365505,-0.3910897
209718,L6 IT,-0.012460023,0.0038878322
54257,L6 IT,0.22238588,0.118216395
49272,L6 CT,-0.25587326,-0.023589224
217231,Endo,0.12290597,-0.18699852
9251,L6b,-0.08916849,0.19753599
94417,L4/5 IT,0.26777512,-0.02383715
64894,L6 CT,0.15486038,0.1299097
199771,Endo,0.09799051,-0.13083068
107775,Endo,-0.18099132,-0.37536627
64902,L6 CT,0.04958266,0.09727383
235861,Endo,-0.3686357,0.14702797
265264,L6 CT,-0.35586536,-0.011247963
199746,L2/3 IT,0.4371087,0.019745529
261702,L6 CT,0.08811271,0.16765589
209927,L5/6 NP,-0.19241583,-0.023705572
117868,L6 CT,-0.21315557,-0.0582124
49052,Micro,0.13630372,0.27107215
218476,OPC,-0.0038509667,0.13657701
207488,L5 ET,-0.25596026,-0.119873315
49035,Astro,-0.3739376,-0.41113093
269837,Astro,0.32505828,0.052750826
117975,Micro,0.23576295,0.22035408
199707,VLMC,0.23381698,-0.26855993
199705,Oligo,-0.2966047,-0.12440604
86634,Oligo,-0.12648013,0.17338777
86629,Sst,0.10505116,-0.06855634
14213,L5 ET,0.09483421,0.25455672
86623,L6 CT,-0.28271985,-0.024247855
242861,L2/3 IT,0.14405924,-0.23158881
234797,L2/3 IT,0.2979051,-0.06467655
61169,L2/3 IT,-0.43953687,-0.29201674
209906,Endo,0.01676482,0.2925207
271820,L2/3 IT,0.33954376,-0.0022111237
259992,L2/3 IT,-0.23495623,-0.35216337
222322,L6 CT,0.042178154,0.05657202
49246,Oligo,0.20421064,0.18198532
49239,L6 IT Car3,0.16074395,0.22842962
54270,L2/3 IT,0.32818627,-0.12416357
10035,L2/3 IT,0.021214843,-0.22923023
86856,L6 IT,0.019044757,0.053497672
117598,Oligo,-0.017038137,0.20878518
49209,L4/5 IT,0.31256032,0.010189593
199827,L4/5 IT,0.03955102,-0.16144824
117617,L5 ET,0.24217546,0.17430401
86851,L4/5 IT,0.28462857,-0.03684479
117620,L6 CT,-0.13923839,0.11766034
64786,L6 IT,-0.44587353,-0.1087901
64789,L4/5 IT,0.26462507,-0.011363745
86840,L4/5 IT,-0.37132126,-0.24016961
218467,L6 CT,-0.06147331,0.1082809
117666,Endo,-0.26507333,-0.25228834
107839,L4/5 IT,-0.21211594,-0.24837482
94373,Endo,0.094899476,0.25854868
259982,L4/5 IT,0.105071485,-0.17875093
279203,Astro,0.20947057,-0.1382094
107801,L6b,-0.10554871,0.12980449
220692,L6 IT,-0.44053376,-0.0031983554
117149,L4/5 IT,0.14098352,-0.11641759
49502,L4/5 IT,-0.25631034,-0.27875343
87951,L6 IT,0.044877768,0.028892756
87914,L2/3 IT,0.40998518,0.06568086
222080,L4/5 IT,0.08504301,-0.17670721
116425,Peri,0.028658688,0.24361438
207668,Micro,-0.08750537,0.29571974
116431,Oligo,-0.0136601925,0.139489
242056,Endo,-0.032641828,-0.24438447
207661,PVM,-0.025579691,0.21837223
209439,L6 CT,-0.04963556,0.07727629
87836,L6 IT,-0.4216847,0.01927495
64294,Astro,-0.25254303,-0.3046921
64341,L4/5 IT,0.34531593,0.055001795
61382,L6 CT,0.11600405,0.13976943
49823,Peri,0.16655904,0.25908983
222107,L6 CT,-0.2905473,-0.04077375
87832,L6 CT,0.2031877,0.14483786
116487,L4/5 IT,-0.2506547,-0.21129632
49820,Micro,-0.28964704,-0.23196518
87824,Astro,-0.22851583,-0.23768687
116523,Astro,0.36723012,0.074516594
54045,L5 IT,0.16231948,0.08588171
242052,L6 IT,0.07555997,0.0647499
49828,L6b,-0.37908766,0.08221412
116393,L6 IT,-0.42361805,-0.09064269
64288,SMC,-0.17450604,-0.29848504
200219,L2/3 IT,0.37439674,0.03619641
93977,Astro,-0.15016583,-0.18416211
116102,Endo,0.05625564,0.25984585
88237,Astro,0.35985905,0.03420663
260251,Astro,-0.24087566,-0.2283116
236748,Peri,-0.27261382,-0.40104026
260247,L2/3 IT,-0.38694042,-0.27950597
9282,L5 IT,0.09454924,-0.088510305
13619,Endo,0.25112903,0.12322283
235656,Sst,0.08853489,0.08137804
222043,Oligo,0.06644672,-0.095415026
88154,Lamp5,0.14812225,-0.1360462
88140,L2/3 IT,0.32771105,-0.031087816
6768,VLMC,-0.18525228,-0.410791
244159,L5 IT,0.34288317,0.1901995
9899,L2/3 IT,-0.13262522,-0.35284793
88033,L2/3 IT,0.19237548,-0.19311446
116226,L4/5 IT,-0.38178036,-0.24883401
207674,Oligo,-0.3318118,0.122972906
116291,Endo,-0.2784318,-0.1790011
88020,L4/5 IT,0.09869766,-0.09179044
265064,L2/3 IT,0.35341084,-0.038531095
7692,L6 IT,0.17300367,0.015447974
271726,L2/3 IT,0.43557578,0.026868999
49811,Pvalb,0.052939832,-0.12936193
64352,Astro,-0.14426339,-0.29680705
87776,Endo,0.15338326,0.24117887
108351,L6 CT,0.008042395,0.0687207
202948,VLMC,-0.17158735,-0.42445102
12825,L5 IT,-0.30466163,-0.13657525
116881,Endo,0.10783833,0.24427944
116887,L2/3 IT,0.3288349,-0.035330743
209589,L6 CT,-0.41676986,0.027642667
200048,L6b,-0.42592022,0.059134066
94137,Lamp5,0.0896827,0.10203314
108119,L4/5 IT,-0.4075239,-0.21229279
87434,PVM,-0.35902646,-0.44197282
209605,L5 IT,0.10674727,-0.012181789
235624,Micro,0.018595517,0.20059407
222188,L5 IT,-0.11750856,-0.11464512
199996,Oligo,0.03138113,-0.05756539
199992,Oligo,-0.007463664,-0.16475889
87410,Oligo,-0.29760808,-0.2473279
117058,Lamp5,0.17944103,-0.31740302
117065,L2/3 IT,-0.24408883,-0.28369427
117068,Micro,0.14984864,0.26664537
87379,Peri,-0.35936564,-0.2786802
54181,L5 IT,0.0023037791,-0.13684845
87342,L4/5 IT,0.18615079,-0.14142653
64566,L6 CT,-0.3315167,-0.05892545
49503,L4/5 IT,0.3610804,0.049756944
49653,L4/5 IT,-0.36418512,-0.263541
14170,L2/3 IT,0.35825223,-0.036038935
269796,L6b,-0.446351,0.07874483
242037,Endo,0.27377117,0.12293792
217326,L6 CT,-0.029969752,0.09510374
14139,L2/3 IT,0.3120702,-0.1510604
217322,Endo,-0.3427124,-0.39585605
220674,OPC,-0.15327916,-0.39537725
6725,L2/3 IT,0.41594768,0.053937793
116628,L6b,-0.017732352,0.25338483
108293,L4/5 IT,-0.2470428,-0.18346521
116648,L2/3 IT,-0.19706044,-0.29377586
108270,Peri,0.18568987,0.34001112
94044,L4/5 IT,0.3371421,0.01795417
271746,Astro,0.12274498,0.18153757
116677,L6 IT,-0.42503121,-0.029837579
261626,L4/5 IT,0.06460428,-0.12943658
108236,L5 ET,0.24984038,0.2853346
87601,L6 IT,-0.28782833,-0.050096422
108235,VLMC,-0.2718249,-0.47015455
87582,Oligo,0.036607385,0.16821557
116768,Endo,-0.08728349,0.2226116
200104,L6 CT,-0.035450876,0.15575969
222151,Astro,-0.10658255,0.21044832
9965,L2/3 IT,-0.24973992,-0.3850829
116791,Pvalb,0.18070608,0.007225454
279185,Micro,-0.01692167,-0.14964482
116850,L5/6 NP,-0.27488253,-0.124604434
114139,SMC,-0.0021442473,0.16353571
245567,L5 ET,-0.28419825,-0.124020666
221693,L2/3 IT,-0.23754886,-0.34039706
110312,L4/5 IT,-0.27528068,-0.24064949
221247,L6 CT,0.051134765,0.096619725
271330,Endo,0.1953485,0.3056246
201775,Sst,0.2116139,0.035951614
91625,Endo,0.033981383,0.33624303
208371,L2/3 IT,-0.32635748,-0.3803304
111809,L5 IT,0.0484125,-0.12484777
201766,L2/3 IT,0.38214916,0.00026410818
264457,L5 ET,-0.3933648,-0.20561826
208111,L5 IT,0.08967197,-0.061255485
111758,Astro,0.030952811,0.119125605
261294,L6 IT,-0.0089785755,0.07543743
271347,OPC,-0.34212512,-0.4423387
264276,L6 IT,-0.19601637,-0.04674524
111895,L2/3 IT,-0.16141137,-0.27627164
52190,Astro,-0.32097894,-0.37351418
62612,L2/3 IT,-0.31499738,-0.38298398
91532,Sst,0.14195788,-0.23315334
110268,Astro,-0.3897174,-0.2841509
201715,L6 CT,-0.3552947,0.060684085
260982,L5 ET,-0.27841133,-0.13585418
13776,Oligo,-0.3317532,0.13755536
52232,L2/3 IT,-0.19045505,-0.33591294
13779,Oligo,-0.367973,0.10634667
218056,VLMC,0.19091845,-0.31567422
91668,L5 IT,0.24858063,0.09515673
221187,L4/5 IT,-0.3169201,-0.18370026
111469,L6 CT,0.018348396,0.129749
92756,Astro,-0.35953802,-0.431209
202228,Peri,-0.04564151,0.23713374
111485,L4/5 IT,-0.28049147,-0.25366938
12747,Astro,0.07660991,-0.1190643
271186,L2/3 IT,-0.20447156,-0.38907406
201831,L6 CT,0.0034365058,0.11633444
110381,Endo,0.23041338,-0.14956251
261282,L4/5 IT,-0.4717243,-0.24058422
111509,L6 CT,0.130148,0.13002896
264428,Peri,-0.35506666,-0.3096625
221201,Micro,-0.19494584,-0.42372942
7331,L6b,-0.4382552,0.071432054
62530,Oligo,0.15302432,-0.12945479
111618,L2/3 IT,-0.32942492,-0.31517076
52330,L5 ET,-0.21247509,-0.07515019
244354,L2/3 IT,-0.31902343,-0.4034941
111686,L2/3 IT,-0.26976505,-0.34779006
111701,L5 ET,0.080160856,-0.062434793
91686,L2/3 IT,-0.30024242,-0.27897614
91670,L6 CT,-0.4161044,0.0750761
201787,Astro,0.37062222,0.004487574
52168,Astro,0.26588404,0.03423935
260978,Endo,-0.21989706,-0.29963973
92823,L2/3 IT,-0.2392813,-0.32996953
112030,L2/3 IT,0.33282137,-0.073553145
91230,L2/3 IT,-0.07123691,-0.30130097
201611,L2/3 IT,-0.38464993,-0.36978376
201610,Astro,0.17310566,0.12303275
91219,L2/3 IT,0.23709601,-0.1995421
264515,L5 IT,0.3151306,0.26877046
91204,L5 IT,0.29343116,0.114977956
112244,Micro,0.3279655,0.06674945
269596,L6 CT,0.0128471255,0.21484935
112309,L5 IT,0.23122728,0.072013855
110127,L2/3 IT,0.40237933,0.09066588
271383,L4/5 IT,0.3074308,0.013274372
7248,Astro,0.022151887,0.24944842
9606,Micro,0.36782122,0.04213345
112388,L4/5 IT,0.3281446,-0.002473265
62793,L6 IT,-0.12611327,0.08054799
7229,L6 IT,0.12331164,0.29686487
91038,Astro,0.39214045,0.06936699
220972,L5 ET,0.19698423,0.048252404
51919,Oligo,0.075123906,-0.09604815
208050,Pvalb,-0.36990875,-0.30954754
261314,L6 CT,-0.37096724,-0.026030272
61922,L2/3 IT,0.29542428,-0.042409062
53193,L2/3 IT,-0.24123788,-0.39587167
9596,OPC,-0.26425886,-0.30066442
52431,Oligo,-0.24506882,0.16283906
53138,L5 ET,0.23960716,0.08532858
112217,L6 CT,0.074608564,0.071909904
264480,L6 IT,-0.35015416,-0.1285707
220996,VLMC,-0.13861212,-0.4081934
112041,Astro,-0.3120275,0.13128418
260965,L6 CT,0.100875795,0.12678868
92874,Endo,0.11080533,-0.19836509
208425,Oligo,0.16828376,0.1872623
201686,L5 ET,0.2966873,0.33145076
12675,Astro,-0.10612127,0.20384187
91411,Astro,-0.31080198,-0.3357367
112098,L6 IT,0.17571199,0.0779292
52100,L6 IT,-0.17296189,0.07638335
245479,Micro,0.16591775,0.3040287
208065,L6 CT,-0.38535237,0.039718688
110231,Endo,-0.23077443,-0.12515828
62703,L2/3 IT,-0.33308744,-0.37605476
208475,Oligo,-0.23015708,-0.2787549
242259,L5 IT,-0.41301924,-0.2271257
244371,Pvalb,-0.3421924,-0.13934171
62719,L6 CT,-0.3463805,0.0069654584
62724,Astro,0.20930725,-0.23421904
52056,L6 IT,0.21158785,0.35678715
112189,L6 CT,-0.33761704,-0.038852602
7448,L6 IT,0.10510349,0.08090991
271163,L5 IT,0.33037192,0.21898603
208039,PVM,0.106057286,-0.117315054
110434,L4/5 IT,-0.1872426,-0.22389606
91852,Oligo,-0.03314677,0.21302408
7409,Oligo,-0.07285896,0.23816884
264343,Astro,-0.28104436,-0.43108934
221065,Pvalb,-0.18561074,-0.10675368
110989,L2/3 IT,-0.3426831,-0.39002743
9467,L5 IT,-0.26985848,-0.16267216
92450,SMC,0.09733111,-0.188916
110669,OPC,-0.3410592,0.072485924
111015,Sst,0.22222966,0.09327483
202011,L2/3 IT,-0.41986397,-0.31789207
202007,Oligo,0.053898692,0.2587188
110985,L4/5 IT,0.2230075,-0.037623644
52659,L2/3 IT,-0.2668536,-0.34335712
218152,Vip,-0.4133749,-0.34432667
111059,VLMC,0.21323824,-0.27341658
271243,Oligo,-0.36375728,0.14057344
269682,L5 ET,-0.37028772,-0.07273707
92168,L2/3 IT,0.33816743,0.0011268854
218150,L6 CT,-0.10832143,0.022722483
92516,Astro,0.18161237,-0.13940123
110614,Vip,-0.037008762,0.21934897
92158,OPC,0.31963146,0.14247137
9503,Oligo,-0.31292355,0.16293281
62303,L2/3 IT,-0.29969043,-0.30083206
92259,L2/3 IT,0.35797924,0.019436419
271233,L5 IT,0.047097683,-0.07805562
110738,L2/3 IT,0.024208724,-0.3088578
9480,Endo,0.1671434,-0.25139588
264315,Endo,0.094091356,0.22223741
261238,L2/3 IT,-0.31309122,-0.39410347
92321,Astro,-0.356225,0.107129455
242722,Astro,0.2573787,0.047031283
110848,L6 IT,-0.31226933,0.044623077
208188,L5 IT,0.31059706,0.2007221
52750,VLMC,-0.35156706,-0.47857654
110859,L2/3 IT,0.26953864,-0.14370954
110864,L4/5 IT,-0.28838626,-0.23069671
218164,L4/5 IT,0.22512043,-0.030350178
52732,L5 ET,0.2312749,0.02884239
52731,OPC,-0.11453807,-0.27969858
7382,L2/3 IT,0.16815573,-0.19391826
110880,VLMC,0.012687683,-0.37478504
110780,L6 CT,0.045175612,0.089963734
52794,L5 IT,-0.12999085,-0.17500907
13805,Lamp5,0.26282686,-0.2094889
52823,Micro,0.046814084,-0.020080626
202039,L2/3 IT,-0.2057266,-0.31824023
110960,OPC,0.2034148,-0.2674748
92261,Endo,0.059795678,0.13967168
110963,L4/5 IT,0.22283208,-0.07341871
110601,Endo,0.10866958,0.24202663
235795,L2/3 IT,0.18843704,-0.18642414
261173,L5 IT,0.38736832,0.30047947
92526,L5 ET,0.29505843,0.31896323
279106,Vip,0.441698,0.22300631
221162,L5/6 NP,-0.140275,-0.1082409
9531,Astro,-0.20814851,-0.31028932
52512,OPC,-0.06321317,0.19163132
218126,Oligo,-0.053469628,0.18681318
91988,Astro,0.109435976,0.19239849
271202,L6 IT,-0.44314814,-0.0277448
271272,L5/6 NP,-0.404524,-0.15964383
92630,L2/3 IT,-0.2796864,-0.31941977
271275,Endo,0.16698372,-0.16844663
208270,L5 ET,-0.36094883,-0.178871
111328,Endo,0.13640171,-0.16225344
62111,L2/3 IT,-0.056802094,-0.22451669
202207,L4/5 IT,0.353598,0.031577528
208299,Endo,0.12622517,0.2056557
111338,L4/5 IT,0.037871897,-0.18709743
111340,Astro,-0.16667345,-0.19231445
264407,L4/5 IT,-0.29475167,-0.25610003
111347,L2/3 IT,-0.24623573,-0.37757117
91875,Micro,-0.18113124,-0.32769236
52959,L5/6 NP,-0.2836262,-0.02081713
111357,L2/3 IT,-0.0047152042,-0.23988211
91872,Endo,0.10105401,-0.09715587
92022,L2/3 IT,0.43047434,0.039034605
91846,L6 IT,-0.45623896,-0.10997093
234693,Astro,0.13054502,-0.20292601
92062,L5 ET,0.041216493,-0.09393528
62335,L5/6 NP,0.24936342,0.11625373
92118,L2/3 IT,0.34044325,-0.023868978
52616,L4/5 IT,0.114795625,-0.134554
111130,L2/3 IT,0.3843665,0.067974925
221134,Vip,0.37895054,0.2929632
52907,L2/3 IT,-0.33295435,-0.3950873
221144,Endo,-0.062313348,-0.20306846
52596,VLMC,0.16988385,-0.29852468
92540,L6 CT,0.18771714,0.13443744
52910,Astro,-0.03572589,0.23034543
62343,L2/3 IT,0.09295553,-0.18270439
110535,Oligo,0.07754731,0.02918446
62358,L6 CT,-0.17353046,-0.029645324
239997,Oligo,-0.38740787,0.1410799
92561,VLMC,-0.34052166,-0.46996105
52580,L5 ET,-0.10288659,-0.0943611
264297,Oligo,0.022998571,0.24079889
111180,L6 CT,-0.2725634,0.017009497
92079,L2/3 IT,-0.23712525,-0.3663037
271264,L6 CT,-0.010157883,0.09525895
111239,Peri,0.20404643,-0.1874679
201947,L6b,0.21198142,0.28581
52531,L4/5 IT,-0.24580145,-0.22922477
264386,Astro,-0.14203584,-0.39256468
51910,L2/3 IT,-0.21777973,-0.36683816
269584,VLMC,0.21499884,0.5
201519,L6 IT,-0.25496113,0.066830456
264701,L5 ET,-0.3197192,-0.1497187
113415,Astro,-0.17852274,-0.28837946
53488,L4/5 IT,0.24132085,-0.05893129
109380,L5 IT,-0.27803808,-0.08680299
109365,L6 IT Car3,0.15408784,0.33019382
109352,L5/6 NP,-0.40438658,-0.098615706
53530,L2/3 IT,-0.27576375,-0.3055903
113485,L5 IT,0.0701555,0.017845333
53531,OPC,0.10380089,-0.12718129
113510,L6 CT,-0.42634818,-0.07363331
51340,SMC,-0.38551125,-0.40601787
90023,Pvalb,0.0811708,-0.1849581
218311,Endo,0.10880834,0.2996344
109340,L2/3 IT,-0.08707979,-0.3151933
93338,L4/5 IT,-0.30544782,-0.24176463
113570,Pvalb,0.25177377,-0.028600186
93349,L2/3 IT,-0.12860972,-0.3509827
113596,L4/5 IT,0.18513155,-0.099805474
89996,L5 IT,-0.3923574,-0.14934754
109292,L2/3 IT,0.19682711,-0.18477133
217721,L6 IT,0.041590214,0.05217898
220832,L6 CT,-0.007987469,0.06989807
109344,Pvalb,0.12507516,0.026834607
220845,Oligo,0.00803107,0.116223514
90061,L5 ET,-0.18752623,-0.116083264
264697,OPC,0.07176232,0.17687291
9369,L6 CT,0.19710505,0.17004448
109556,L6 CT,-0.26242155,-0.074263334
260767,Pvalb,0.07941133,-0.17059919
51470,L4/5 IT,-0.3086905,-0.25476605
7557,L4/5 IT,0.315037,0.01312238
93185,Endo,0.10429305,0.27399933
264641,Oligo,-0.37663,-0.2377111
221560,L6 IT,-0.1890921,0.102543235
51453,Pvalb,0.021950424,0.20271146
208719,Micro,0.22971267,0.2352562
217821,Endo,-0.17606089,-0.3073779
7560,L2/3 IT,0.12432277,-0.21622998
113251,Oligo,-0.02811408,0.2465396
217813,L2/3 IT,-0.23049015,-0.2901581
12781,OPC,-0.23978847,-0.28545165
63202,Endo,0.16564769,-0.19848156
201253,L2/3 IT,0.2745605,-0.088498116
93240,Peri,0.10932076,-0.18938023
51377,L5 ET,-0.39225394,-0.188375
202555,Vip,0.36008734,-0.048758745
109440,Peri,0.11611831,0.1448875
9364,Endo,-0.26883268,-0.2302829
90139,OPC,0.3443576,0.13199061
89945,L5 IT,0.28191692,0.10745883
242147,L6 CT,-0.06916171,0.076323986
89917,Peri,0.13333803,0.25643605
271501,Oligo,-0.02884227,0.24313325
217654,L6 IT,-0.012826264,0.20184743
109186,L4/5 IT,0.049334288,-0.11779559
269746,L5 ET,0.10416645,-0.08433372
113897,L6 CT,0.13074774,0.11879331
13693,L4/5 IT,0.07625586,-0.1639711
89600,L5 IT,0.20054585,0.26955283
269751,Oligo,0.09276712,0.10506356
217633,L6 IT,-0.0016372204,0.20216864
6998,VLMC,0.29782236,0.49210483
93474,L6 IT,-0.17377621,0.07013905
93488,L6 CT,-0.032234013,0.04518473
63572,L6 IT,0.038458288,0.05976093
53635,L5 ET,0.016776204,-0.08205554
93518,L4/5 IT,0.20737463,-0.06422168
221686,OPC,-0.36907512,-0.3908345
242276,L5 IT,-0.41965514,-0.12295562
114061,Pvalb,-0.02989006,0.123821616
12529,L4/5 IT,-0.36985117,-0.2707597
51031,L4/5 IT,0.12714994,-0.07515064
114070,L6 IT,0.088112295,0.09217256
261516,L4/5 IT,0.3692394,0.11418021
271556,L4/5 IT,-0.42647964,-0.25590533
209017,Oligo,-0.29530138,0.11958194
217664,Endo,0.25753784,-0.16690308
201271,Oligo,0.04694134,0.20288056
89702,PVM,-0.048354268,0.26965106
89733,Oligo,0.09038401,0.031184375
51221,L4/5 IT,0.33063108,0.10909599
63393,Lamp5,0.36788797,-0.10644516
89900,Micro,0.17071652,-0.24222508
269510,L6 CT,-0.012993425,0.13299394
113639,L5 ET,0.05728227,-0.0656378
89891,Astro,-0.19735307,-0.41144365
9697,L6 CT,0.013504326,0.10366148
220827,Oligo,-0.037558377,0.23566794
271059,VLMC,0.320768,-0.22418207
113690,Oligo,-0.1976035,0.18369985
113696,Endo,0.06758022,-0.12811205
113723,L6 CT,-0.3381209,0.020010054
245558,L4/5 IT,0.13984871,-0.14073986
244401,Sst,0.033741415,-0.032987386
93447,L6 CT,0.18965405,0.17660946
201103,Oligo,-0.03176236,0.22142088
61709,Sst,-0.15222532,-0.32567403
89819,L2/3 IT,-0.23546687,-0.32087564
63480,Endo,0.09818131,0.18295503
261494,L4/5 IT,0.37859017,0.25334173
53591,L6 IT,-0.19739321,0.06648916
89745,Endo,0.1817208,-0.28637385
89740,L5 IT,0.3437975,0.20134896
113830,L6 IT,0.18650687,0.05864972
113176,Astro,0.29409677,0.037005424
208713,L6 CT,-0.33737558,-0.03627652
53425,L6 CT,-0.05945146,0.10955256
61893,Endo,0.047487915,0.23532373
244269,L6 CT,-0.35072866,-0.086774796
202376,Endo,0.13460726,-0.12119341
109897,L4/5 IT,0.13437843,-0.120895
7480,VLMC,-0.08498025,0.23259139
90741,L2/3 IT,0.4551381,0.08093715
53267,Oligo,-0.008370757,0.24954319
93003,Lamp5,-0.3220229,-0.43240595
221474,Astro,0.01273948,0.28068727
202417,L5 IT,-0.2461721,-0.17748746
90728,L5 IT,0.23757428,0.11242926
53296,L5/6 NP,-0.25326926,-0.04405427
62973,L2/3 IT,-0.37528205,-0.40336403
62976,Oligo,0.012369752,0.23557031
112714,L5/6 NP,-0.3333794,-0.1437015
51757,L6 CT,-0.0019215643,0.1353088
112789,L6 IT,0.024569273,0.082485974
9626,L4/5 IT,0.27064037,-0.040154785
112810,L4/5 IT,-0.40081096,-0.22434866
53302,PVM,0.18379074,-0.13103724
271415,Oligo,0.23049253,-0.009333819
112840,L6 IT,-0.35991824,-0.09167844
90696,Astro,0.061129212,-0.1160565
92988,Oligo,-0.05890456,0.23860675
202423,L5 IT,0.090032876,-0.09195897
109965,L4/5 IT,-0.40805653,-0.31934255
201474,Pvalb,0.21617353,0.08919692
7464,L4/5 IT,0.069866955,-0.120012134
261350,L6 IT,0.03375888,0.21977258
271398,Pvalb,0.2747885,0.121373594
271136,L5 ET,-0.43002778,-0.2031444
51888,L6 IT,0.019294024,0.042520046
201513,Oligo,0.07776898,-0.0927583
269719,L2/3 IT,-0.19468969,-0.3686088
245337,SMC,-0.06443277,-0.27578875
208558,OPC,0.32040346,0.19159919
90969,L6 IT,-0.41686386,-0.07251775
51865,L6 IT,-0.013111055,0.08823848
236627,L2/3 IT,0.19300729,-0.23860928
7468,Endo,0.19926429,0.2149055
92972,PVM,0.00647223,0.278687
51856,Endo,0.16512185,-0.16704136
244286,L6 CT,-0.22793731,0.018132448
7202,Astro,0.10646367,-0.18586904
90946,Endo,0.091085374,-0.13490793
92976,Micro,-0.3741281,-0.34057838
208031,L6 CT,-0.34421736,-0.046233892
264233,Astro,-0.32044667,-0.2709728
53229,OPC,0.03328556,0.20247364
90865,L2/3 IT,-0.2343339,-0.3864376
112593,L4/5 IT,0.26738632,0.014892101
6547,L5 IT,0.26551527,-0.004356414
112847,L4/5 IT,-0.3572467,-0.29197523
51706,L5/6 NP,0.29679286,0.4260922
245527,L6 CT,-0.25354534,-0.060497135
112990,L5 ET,-0.42247266,-0.19131207
271437,Astro,-0.37896144,-0.11087683
93118,L2/3 IT,0.41887385,0.35098678
239932,Endo,0.09115034,0.27156526
113007,L6 CT,-0.02624783,0.036345005
90449,L6 IT,-0.34758312,0.028873444
53409,Endo,0.2333821,0.090741515
63113,L4/5 IT,-0.3192794,-0.26182297
51575,L4/5 IT,-0.33196232,-0.233291
12612,Pvalb,0.12895179,0.06580311
242174,L4/5 IT,-0.29818517,-0.26055855
90434,L2/3 IT,-0.3331576,-0.34322456
113087,L5 IT,0.2600628,0.030790925
61855,L5 IT,0.09024751,-0.012307376
93146,Oligo,0.1279155,0.063794434
260785,PVM,0.05692017,0.16347432
260778,Pvalb,-0.5,0.06894618
113143,Endo,-0.3241232,-0.15764531
109590,Astro,0.09376651,0.15184325
90395,OPC,0.070363045,0.30183583
63147,L4/5 IT,-0.122998476,-0.21427265
109582,OPC,0.087677896,0.12762338
61869,L5 ET,-0.26134232,-0.06995213
201374,Sst,-0.29745394,-0.0790177
90477,L4/5 IT,0.2612784,-0.06418085
90492,L6 IT,-0.06328243,0.09916884
202428,Oligo,-0.3662915,0.15867496
112863,Oligo,0.08604908,-0.0935933
201365,Endo,0.11078274,-0.1359849
9389,Peri,0.24062169,0.31303638
221500,L2/3 IT,-0.1347557,-0.36251846
90661,Endo,-0.36718023,-0.44280297
112887,L6 CT,-0.39853114,-0.03046754
112898,L5 IT,-0.46905342,-0.18929246
264211,L5 IT,0.12637258,0.056703866
7545,L6 CT,-0.4274137,-0.06396353
201355,L2/3 IT,-0.3315578,-0.2939219
220888,Endo,0.33507508,0.21687675
51664,Sst,0.35673344,0.28625453
112923,L4/5 IT,0.3508252,0.069901645
7148,Oligo,-0.36028862,0.1376028
90621,Peri,0.11014897,0.26408178
63050,L2/3 IT,0.38161182,-0.066471994
264605,L4/5 IT,0.13912868,-0.14372566
90537,L2/3 IT,-0.3220461,-0.33994904
63054,L4/5 IT,0.09984666,-0.13550964
279118,L4/5 IT,-0.10547215,-0.26274768
7547,L4/5 IT,0.29920685,-0.012554228
51629,Pvalb,0.15000242,0.048267245
90490,Endo,0.11473662,-0.011805624
220178,L6 CT,0.23179066,0.22207636
6543,L2/3 IT,-0.3633805,-0.38948935
64977,Astro,-0.08473298,0.20998126
265962,L6 IT,-0.1524857,0.090930104
123086,L6 CT,-0.0031108558,0.10134882
105663,L2/3 IT,0.41382754,0.059046924
60590,Endo,-0.14373323,-0.2784629
123113,Astro,0.2726792,-0.14055541
211107,L6 CT,-0.05681014,0.09386736
211128,L4/5 IT,0.250103,-0.055976808
46431,Astro,-0.063675106,-0.22619388
60578,Micro,0.36432904,0.072684586
105561,Micro,0.39189827,0.13530153
234622,L4/5 IT,-0.34735197,-0.22231665
211129,L6 IT,-0.0908249,0.10828549
197991,Endo,0.098403454,0.23618108
197986,L6 IT,-0.40832672,-0.101016015
123195,L4/5 IT,0.21469909,-0.08718419
223273,L4/5 IT,0.36364186,0.07740879
82974,L5 ET,-0.29103112,-0.0738703
66682,L6 IT,-0.034329742,0.12818658
82964,Pvalb,0.005308211,0.14081466
46386,L5 IT,0.20352781,0.03499025
207039,Pvalb,0.080685616,-0.14987701
259002,OPC,0.019692123,0.24695551
207057,Oligo,0.025804758,0.29125434
223235,L4/5 IT,0.315547,0.0037726164
265960,L4/5 IT,0.32294464,0.08390474
259026,Endo,-0.35642475,-0.4529184
223180,Oligo,0.058972,-0.12035513
234134,L6 IT,0.07833594,0.09370363
46620,Peri,0.04526913,0.3002156
270810,Astro,-0.0391016,0.19105583
272227,L2/3 IT,-0.11546403,-0.25960678
122913,Astro,0.11117047,-0.15770736
236987,Oligo,0.033461213,0.19446266
60624,L6 CT,0.21098173,0.2162332
245070,Sncg,0.23542976,-0.20768186
122938,Lamp5,0.024422169,0.14533544
198051,L6 CT,-0.013913006,0.104743004
122942,Pvalb,0.110631764,0.15562421
122944,L6 IT,0.0062776804,0.114126086
122980,Endo,0.105603695,-0.18057296
13451,Endo,0.050747097,-0.17572609
46537,Oligo,0.07604021,-0.16192162
122991,Micro,0.075496376,-0.11203271
83148,L6 IT,0.029017568,0.15489554
218634,Pvalb,0.14526296,0.0035176873
6014,L6 CT,-0.09762356,0.029452384
198039,L6 IT,-0.3551918,0.012750804
123038,L6 CT,0.01295644,0.097495615
95601,L6b,-0.26100272,0.12778926
123250,L6 IT,-0.35535097,-0.08319646
82926,Micro,0.2661726,0.16523468
46372,Peri,0.11031103,0.22980005
82923,L2/3 IT,0.4039383,0.03005457
12169,Endo,0.19602251,-0.21216875
197897,L4/5 IT,0.08700675,-0.14835188
223318,L6 CT,0.11634797,0.17809588
123577,Endo,0.4259143,0.26388615
66832,L6 IT Car3,0.16942656,0.340052
123584,L6 CT,-0.021345615,0.064306796
105504,VLMC,0.029473066,-0.38174552
95818,Oligo,0.3446954,0.18913543
242398,L6 IT,0.057742834,0.060593605
123623,L6 CT,-0.4579152,-0.03642279
95832,L6 CT,0.08261144,0.08824432
105418,L5 IT,0.19203347,0.015986502
278166,L5 ET,0.13088667,0.04600185
263682,Micro,0.14045036,-0.23898605
216484,L2/3 IT,-0.26978496,-0.3677529
246105,Astro,-0.25064442,-0.27526394
123658,Oligo,-0.3640445,0.14065343
82547,Micro,0.27653414,-0.2622755
243831,Vip,0.07385224,-0.082423866
66917,Oligo,0.041927636,0.115774155
66921,L6 CT,-0.38386023,-0.02773738
55556,L4/5 IT,0.22341669,-0.070590764
82503,L5 ET,0.09878719,0.065380216
55505,L6 CT,-0.18884203,0.021281064
7965,L6 CT,-0.17059559,0.004392743
46250,L6 IT,-0.3845492,-0.063171774
258946,L2/3 IT,0.13389653,-0.1663301
46368,SMC,-0.37897292,-0.47673124
268840,Endo,-0.23483926,-0.10694429
66737,Endo,0.0011705756,0.21789438
223282,L2/3 IT,0.05589032,-0.2007463
123282,Peri,0.17456496,-0.20998564
123356,L6 IT,-0.09878805,0.09879649
243841,Oligo,-0.027069986,0.2662058
242396,L6 CT,-0.045597047,0.041828692
277954,L6 CT,-0.32563663,-0.031117976
123418,Endo,0.07051748,0.27545458
60559,Endo,0.12665749,0.29569685
82841,L6 CT,-0.04121074,0.07208878
211190,L5 IT,-0.2785224,-0.15951106
123423,L5 IT,-0.050267547,-0.11752644
216501,L2/3 IT,-0.27933598,-0.31499985
60542,Astro,-0.34684658,-0.45527583
14535,L6 IT,0.06498909,0.22780204
46296,L6 IT,0.10098702,0.25300068
82825,Astro,0.11170542,-0.1728439
207015,L5 IT,0.10055739,0.074062705
268806,L4/5 IT,-0.22904447,-0.30919415
46271,L6 CT,-0.23281196,0.038453102
243838,OPC,0.118895054,0.33671695
123528,L4/5 IT,-0.09679881,-0.17213082
240026,L5 IT,0.17714947,0.07883263
10493,L2/3 IT,-0.3859017,-0.36315638
46651,L5 IT,0.20656306,0.14381212
122087,L2/3 IT,-0.30828047,-0.3753115
203685,L6 IT,-0.27314222,-0.032937735
265833,PVM,0.015053153,0.1935001
279294,L4/5 IT,0.054534733,-0.1316795
210876,Micro,-0.015814692,0.07150483
122169,L4/5 IT,-0.33991647,-0.25509912
7948,L2/3 IT,-0.30025256,-0.382824
105917,L2/3 IT,0.4124388,-0.00052025914
198377,L2/3 IT,-0.2795685,-0.34312987
66369,VLMC,-0.37414792,-0.4497787
203677,OPC,-0.3062101,0.033528984
259213,L2/3 IT,-0.465064,-0.39075685
210886,Pvalb,-0.2715358,-0.161704
223088,Oligo,0.0894413,0.2126956
105911,L4/5 IT,0.3340528,0.05360341
83626,Micro,-0.3514138,-0.29207113
95426,Oligo,0.07017058,-0.12536666
13479,VLMC,-0.34263408,-0.45326534
203709,Astro,-0.076958865,0.23776442
105865,L5 ET,-0.45070004,-0.18326205
66409,Pvalb,0.07063216,-0.12372175
236343,Oligo,0.15285462,0.07072681
241883,Astro,-0.31017005,-0.429161
234411,L5/6 NP,0.00024974346,-0.06747842
46988,VLMC,-0.3206998,-0.46914354
216648,L2/3 IT,-0.3331123,-0.32121915
198493,L6 IT,0.017911613,0.1416781
47102,L4/5 IT,0.38923806,0.12760532
66274,L2/3 IT,0.40280396,0.025926054
10390,L4/5 IT,0.35504758,0.034874737
66276,L2/3 IT,-0.15601832,-0.27917394
55182,L2/3 IT,0.48004854,0.12964267
121913,L5 ET,-0.26999503,-0.1248025
66284,L4/5 IT,-0.31746447,-0.21583673
83880,L5 ET,0.2696904,0.10298103
106122,L4/5 IT,-0.46930602,-0.24765393
83854,SMC,-0.010294259,0.29573214
121958,PVM,-0.063795984,0.234981
244508,L6 IT,0.09208447,0.14198267
106075,Peri,-0.0053838193,0.22417074
210840,L2/3 IT,-0.13496631,-0.31866413
83832,L4/5 IT,0.23285973,-0.08574009
121987,Astro,-0.15854666,-0.11904064
198455,L5 IT,0.14768404,-0.027783632
83816,L6 CT,-0.3061866,-0.04693508
122008,L6 IT,-0.0029335022,0.037578523
60734,L5 ET,0.24657446,0.11382073
122046,Astro,-0.29345542,-0.22371703
12232,L6 IT,0.013755083,0.17855799
46896,SMC,-0.29723534,-0.49178135
272193,Micro,0.13355291,-0.1653857
122247,L5 ET,0.04057753,-0.07968357
95447,Endo,0.032827377,0.24724406
243878,Oligo,-0.071725756,0.23329586
122517,L2/3 IT,-0.3216267,-0.29688016
122538,L6 IT,-0.07154533,0.11231035
242964,L5 IT,0.27452952,0.08264768
198240,L4/5 IT,-0.31728652,-0.2433981
122569,Endo,0.19243193,-0.25707042
244517,L4/5 IT,0.31701952,0.009065986
105817,Endo,0.1627512,-0.31577897
211050,Sncg,0.1755858,-0.25655437
265899,L4/5 IT,-0.13272518,-0.17512321
46698,L5 IT,0.23213834,0.15225351
259101,L5 IT,0.106640875,0.033419907
13472,L6 CT,0.053364694,0.23726332
12916,Sst,0.35311425,0.11148918
66553,L4/5 IT,0.37836885,0.04622352
198171,Astro,0.059603155,0.22521788
216577,L5 ET,0.24728978,0.03991872
211077,Astro,0.081691206,-0.09061015
105788,L5 ET,0.04041207,0.028271616
95560,Oligo,-0.103255,0.20749307
268874,Astro,0.12735367,0.002326429
83240,L5 IT,-0.3568475,-0.15512484
122729,L6 CT,0.033013165,0.16488516
211012,L4/5 IT,-0.21875593,-0.25095376
6058,Endo,0.14586979,-0.23131329
46767,SMC,-0.39849758,-0.35864395
270821,Endo,0.015291035,0.28142738
122263,L5 IT,-0.20496553,-0.18528867
66411,L6 CT,0.018411398,0.07247019
277830,VLMC,-0.31317168,-0.46034113
198345,Sst,-0.18922782,-0.039546013
83592,L5 IT,0.30724096,0.14082843
55326,PVM,-0.3601976,-0.41998026
122297,L2/3 IT,0.19530988,-0.15809548
272200,Astro,0.3104427,0.1010316
6101,L2/3 IT,-0.22759107,-0.32939085
122345,L4/5 IT,-0.24655795,-0.22201246
66432,L6 IT,-0.09151,0.1012131
83553,L5 IT,0.19695127,0.123650074
66443,Endo,0.10286969,0.11357111
198315,L6 IT,-0.2877506,0.049616516
210924,VLMC,-0.17880279,-0.4471014
198304,L2/3 IT,0.006503284,-0.3223858
203724,Oligo,0.19734174,0.16937375
265863,L6 IT,-0.11240718,-0.023251683
122393,Astro,0.0725137,-0.14915708
95508,L6 CT,-0.24896064,-0.000111699104
55329,L2/3 IT,0.07614267,-0.19410333
60666,PVM,0.29788494,0.17401952
211004,L5/6 NP,0.07997358,0.10546857
105822,L2/3 IT,-0.33515525,-0.35549155
66261,Micro,0.1009478,-0.11829537
197873,L2/3 IT,-0.14819738,-0.36282602
10572,L2/3 IT,0.31272042,-0.046021163
197485,L4/5 IT,0.3557123,0.04999143
216318,Pvalb,0.04093826,0.23786211
211608,Endo,0.016722381,0.25287598
96123,SMC,-0.36467028,-0.25218838
125006,L6 CT,-0.1730457,-0.08462235
45412,L5 IT,0.3509301,0.41708577
125010,L5/6 NP,0.022456288,0.06429505
60385,L5 IT,0.26576132,0.13183767
8051,Endo,0.2415297,0.15380782
223544,L2/3 IT,-0.40590358,-0.32948992
96102,L4/5 IT,-0.3758375,-0.20094228
244556,VLMC,0.17228311,-0.286825
96143,L6 CT,0.14654487,0.20194346
266262,L5 ET,0.33248895,0.17124093
125089,L6 CT,-0.30364203,-0.027956665
125117,VLMC,-0.3490901,-0.47030365
125123,Astro,-0.35711443,-0.43166274
246171,L6 CT,0.09716612,0.08789259
81467,L2/3 IT,0.06757885,-0.23489806
13408,L2/3 IT,-0.37487128,-0.3884005
258634,Oligo,-0.2756021,0.1629526
104847,L2/3 IT,-0.40567076,-0.3428136
45390,Micro,0.15453994,-0.21976286
81571,L2/3 IT,-0.38809374,-0.2858616
223529,L6 CT,-0.3098614,-0.05652222
81601,Endo,0.034231544,0.2648484
203984,Endo,0.07059628,0.18907857
124621,Endo,0.010611415,0.20556754
105029,L2/3 IT,0.026435316,-0.32119584
67259,Micro,0.25458485,-0.02315247
277798,L5 IT,0.3622079,0.31264037
223489,L5 IT,-0.050605237,-0.14321792
9019,L6 CT,-0.017632186,0.05875534
197575,OPC,0.1661309,0.282283
262187,SMC,0.056280673,-0.21565008
197568,L2/3 IT,-0.13214001,-0.3221415
67279,L4/5 IT,0.30833286,0.25718623
45537,L6b,-0.47047603,0.04758805
236292,L6 IT Car3,0.17711055,0.24953824
67298,Oligo,-0.28695494,0.14526683
258694,L6 IT Car3,0.16169602,0.29818767
81623,Pvalb,-0.17736024,-0.0014744401
10663,L6 CT,-0.0019613802,0.09457022
5799,L6 CT,-0.35999516,-0.10396832
258675,L6 CT,-0.007880837,0.14837599
211585,Astro,-0.27359867,-0.33721632
67314,Oligo,-0.2111386,-0.20894489
266231,L5 IT,0.3696,0.3087392
234906,Oligo,0.08175641,0.12766206
67430,SMC,-0.24498427,-0.009719163
237057,L5 ET,0.21307075,0.064237475
125216,Peri,0.12513644,-0.21817675
96168,L4/5 IT,0.26566887,0.031113863
278946,L2/3 IT,-0.3747731,-0.32609963
278398,L6 CT,-0.050739676,0.14520067
104665,Oligo,-0.05886981,0.24522537
204139,L2/3 IT,0.37932193,-0.090973884
8988,Micro,0.27858853,0.07126248
211767,L2/3 IT,-0.034354,-0.2890979
5725,Peri,-0.28108686,-0.21980664
211769,Astro,0.1341803,-0.1275748
81161,L2/3 IT,-0.3604303,-0.3220259
125565,Astro,-0.34894156,0.022218585
10707,L5 IT,0.21739483,0.015719354
204152,L2/3 IT,0.4490624,0.13693237
125579,Oligo,-0.021152586,-0.17705631
125580,L2/3 IT,0.121376514,-0.19603646
125594,Micro,0.28684294,0.17287636
55936,L2/3 IT,-0.08106941,-0.34190106
243002,OPC,0.098463416,0.24138027
197310,L4/5 IT,0.26139188,0.043534994
96283,Oligo,-0.002049774,0.22186816
272488,L2/3 IT,-0.36153144,-0.30217394
60271,L6 IT,-0.060424,0.1212219
81045,L2/3 IT,0.0040507317,-0.24627733
45111,L2/3 IT,0.382208,0.04509592
45222,VLMC,-0.29335356,-0.4636471
262185,L5 IT,0.06188059,-0.122207016
45223,L5 IT,0.16246843,0.08652139
81231,L4/5 IT,0.38266772,0.23419702
211672,Endo,0.12144756,0.24098861
197400,L2/3 IT,-0.31758824,-0.28987637
268678,Pvalb,0.18279445,0.015892863
104836,Oligo,-0.04207304,0.18934715
12948,L5 ET,-0.4296003,-0.17927015
243786,VLMC,0.36279988,-0.19470048
211690,L2/3 IT,-0.26179594,-0.3536213
243782,L4/5 IT,-0.35180902,-0.288557
125342,L5 IT,-0.30152512,-0.09740779
243780,L5 IT,0.15665108,-0.052871108
125351,Endo,-0.13286969,-0.39445958
204075,L4/5 IT,0.3649521,0.087765455
262215,Oligo,-0.28281337,0.14779508
197381,L6 CT,-0.40614212,-0.08310121
81281,L5 IT,-0.28322202,-0.13618693
96197,L5 IT,0.09124082,-0.0830808
241815,VLMC,-0.19001254,-0.4596368
218723,L6 IT,-0.011158109,0.1629008
96207,L5 IT,-0.43542665,-0.17323062
211741,Oligo,-0.03414139,0.20816529
96231,L2/3 IT,-0.26019824,-0.31306055
81239,L6 CT,-0.32117578,0.0014921427
216236,Endo,0.011726022,-0.15615168
234073,L5 IT,0.23683625,0.128743
82500,Sst,-0.23332238,-0.051914632
96071,Endo,0.17815316,0.2600546
203973,VLMC,-0.15072626,-0.43226066
46001,L6b,-0.29364103,0.103880584
266117,L5 ET,-0.36204296,-0.17632973
279338,Oligo,0.068042815,0.20091218
45991,Micro,0.13857633,-0.18533349
82228,L4/5 IT,0.39001113,0.12100148
45985,OPC,-0.355416,-0.25355512
10600,L4/5 IT,-0.16467986,-0.27488124
82202,L5 IT,0.07798618,-0.085320085
223398,L6 CT,-0.38153672,0.058625698
258859,PVM,-0.08094141,0.23532373
262141,L2/3 IT,0.36892295,-0.011676133
197770,L2/3 IT,-0.23592702,-0.38331625
266131,OPC,0.19375283,0.3780406
67070,L4/5 IT,0.14577353,-0.15495986
223401,L5 IT,-0.28592855,-0.15532368
272348,L4/5 IT,0.10068005,-0.0940395
197741,L4/5 IT,-0.092716396,-0.20636293
67074,Astro,0.1672889,-0.09572622
203910,Oligo,-0.028945684,0.20549166
67101,Oligo,-0.038546145,0.28294152
197732,L4/5 IT,0.22644585,-0.050842255
10618,L2/3 IT,-0.08334726,-0.22969207
203900,Astro,0.389448,0.043528497
278434,L5 ET,-0.26974842,-0.14947534
67028,Oligo,0.047466695,0.16686243
105305,Astro,0.22863942,-0.12922752
95911,Oligo,-0.3123306,0.12773597
258898,SMC,0.17873311,-0.058430612
10578,L6 IT,0.07150036,0.28630012
243825,Sst,0.018526971,0.21186507
82467,Oligo,0.01587683,0.19039237
123780,Peri,0.09788334,0.2915209
206970,L5 IT,-0.16781718,-0.16076154
105379,L6 CT,-0.22439525,0.05338788
268777,L6 IT,-0.11705908,0.053609848
82407,L4/5 IT,0.29042226,-0.044667363
66962,L6 CT,-0.35387453,0.025526881
82361,Oligo,-0.3233902,0.14729917
105374,Endo,0.04891658,0.28041017
268769,Oligo,0.03764844,0.24883276
123866,L5 IT,0.07555711,-0.00071305037
46026,L4/5 IT,-0.28837103,-0.24690035
46025,Pvalb,0.31601918,0.054957867
211361,L6 IT,-0.3120554,0.0038395524
268766,Peri,-0.3770652,-0.4259026
9040,L5 IT,0.09366864,-0.07762331
46022,L5 IT,0.18162948,0.097150445
95949,L5 ET,-0.31732824,-0.20125797
216431,L5 IT,0.3240769,0.1966123
216398,L2/3 IT,-0.3270986,-0.39676815
45885,OPC,0.16563952,-0.19534898
211441,L4/5 IT,-0.32617265,-0.28009164
82062,Peri,0.16810447,0.28940964
197672,L2/3 IT,-0.4397601,-0.28341958
270748,L6 CT,0.033289135,0.08636403
236554,L2/3 IT,-0.2774362,-0.3310557
216357,L2/3 IT,-0.3826746,-0.41787124
45734,L4/5 IT,-0.3384759,-0.255042
223461,Astro,0.09846878,-0.06839955
45715,L5 IT,-0.2511286,-0.166967
105151,Endo,0.07866931,-0.09831861
124441,L2/3 IT,-0.3979044,-0.39395335
81864,L6 IT,-0.20697743,0.058625698
67208,L6 CT,-0.08602381,0.03478217
105144,Oligo,-0.039200425,0.21569276
81827,Endo,0.12748778,0.22868478
262177,L5 ET,-0.1870456,-0.18369845
60421,Oligo,-0.3098632,0.13329476
45684,L4/5 IT,-0.35615173,-0.20983836
45683,L4/5 IT,-0.17305666,-0.21844202
105087,PVM,0.15071559,0.28001267
242412,L5 ET,-0.4369093,-0.19824636
124535,L6 CT,-0.29590037,-0.00482741
124553,L6 IT,0.05070132,0.03377676
124556,L6 CT,-0.17799866,0.047356844
105082,L6 IT,-0.42935792,-0.01263091
81906,Endo,0.15366763,-0.1967431
211555,PVM,-0.041799426,0.26058453
211475,Astro,-0.26389664,-0.40669715
216373,Oligo,-0.34225756,0.148278
237018,L5 IT,0.22407174,0.104439616
67127,Oligo,-0.053051084,0.24542463
60433,L4/5 IT,0.23316276,-0.05823639
269922,L4/5 IT,0.169159,-0.12056407
105200,Astro,0.110124886,-0.12788671
82005,L2/3 IT,-0.25928068,-0.37897706
234115,L5 ET,0.11656684,0.049160898
272362,L6 IT,0.02727294,0.11008996
124183,L2/3 IT,0.14498508,-0.26431745
211459,Endo,0.07621801,-0.093584836
124195,L6 CT,-0.14882472,-0.021483809
5903,Astro,-0.03172779,0.22363466
124217,L2/3 IT,-0.22196546,-0.33338296
124265,Oligo,-0.13646033,0.20033175
8030,L6b,-0.05776632,0.13198847
5890,L2/3 IT,0.14642262,-0.2267124
211470,Sst,0.10381287,0.069330215
81952,Micro,0.08123398,0.104898155
258796,L4/5 IT,0.15458167,-0.12454912
124328,L4/5 IT,0.28523248,-0.0092074275
124337,Oligo,0.09698194,-0.033396274
223441,Sst,0.12893897,0.05944991
124349,L2/3 IT,0.26081878,-0.0962795
124367,L2/3 IT,0.37513268,-0.07352951
216693,Endo,0.04331398,0.12315512
272145,Pvalb,0.31644076,0.0824545
121859,L2/3 IT,0.4387322,0.111281216
65378,L5 ET,0.2918911,-0.0377419
207387,Astro,0.18679088,-0.21183825
119169,L6 IT,0.032903373,0.26131725
220549,SMC,0.22297889,-0.25850177
65388,SMC,-0.21634316,-0.483064
203353,L2/3 IT,-0.4302133,-0.29660863
207369,Endo,-0.3537485,-0.27909777
107119,L6 IT,0.09712416,0.037264466
119193,Endo,-0.24691099,-0.09471962
222553,L6 CT,-0.010466337,0.07542056
220558,L4/5 IT,-0.44306287,-0.2811636
54662,L2/3 IT,0.38763428,0.021538496
216998,L6 IT,-0.30732077,-0.06365442
85736,Astro,-0.011349946,0.1568833
9156,PVM,0.06957269,0.23917872
12317,L6 CT,-0.37413758,0.0065776706
107096,L2/3 IT,-0.43880174,-0.3195631
48361,L4/5 IT,0.27916288,0.030467391
207361,L5 IT,0.37511563,0.30636948
222562,Endo,-0.09561697,-0.30371016
107086,L6 CT,-0.20048636,0.057287276
60987,Pvalb,0.3034565,0.22935504
259697,L4/5 IT,0.083658755,-0.12524906
207398,L2/3 IT,0.48910183,0.07737076
48431,L6 CT,0.04782951,0.10965949
54631,Lamp5,0.32853574,0.073312044
210181,L4/5 IT,0.36367553,0.25144804
203317,L6 CT,-0.3475876,-0.006800711
279224,L4/5 IT,0.24801415,0.006629765
259740,Endo,0.2274298,0.014184296
85948,Peri,0.14626455,0.26744735
259739,L4/5 IT,0.26278138,0.010024607
61028,Oligo,-0.34436893,-0.21339244
85892,Sst,0.04431218,0.19728088
54594,Peri,0.14065558,0.29604995
118991,L4/5 IT,0.2930072,0.009864569
85887,L2/3 IT,-0.29816997,-0.30561903
48472,L6 CT,0.08219004,0.09891772
119009,Astro,0.069282055,-0.17376617
222520,L2/3 IT,0.36757028,-0.007306695
12337,Pvalb,0.14182293,-0.06574342
271930,L4/5 IT,0.36835164,0.05993122
107238,L5 IT,0.28554583,0.29947138
48455,Oligo,-0.08603439,0.23131394
107213,Oligo,-0.3061977,0.114875436
199347,L4/5 IT,-0.08708462,-0.21508011
270917,L6 CT,-0.46207872,-0.028372288
54629,L4/5 IT,0.3925715,0.093532085
119085,L2/3 IT,0.401675,0.046855867
279233,L5 IT,-0.2453894,-0.16314349
65428,L2/3 IT,0.38835692,-0.035931826
94858,L6 CT,-0.005010307,0.07599473
12865,OPC,0.15748143,-0.2132771
85415,Oligo,-0.2636244,0.15497333
119545,L5 ET,0.06337297,-0.019207686
48159,Oligo,0.043579638,-0.17228171
119548,Endo,-0.10022512,-0.32211664
106979,L4/5 IT,0.34399718,0.17428839
106970,L5 IT,0.34771365,0.3193829
119606,Oligo,-0.024793148,0.23620802
12296,L2/3 IT,0.2812913,-0.09161618
54750,Astro,0.17288655,-0.10824406
245887,OPC,-0.25501147,-0.36478797
207354,SMC,-0.3914314,-0.4105217
259623,Astro,0.012072146,0.25662744
278139,Peri,-0.3552081,-0.10060814
199099,L6 CT,-0.24724132,-0.03283027
207335,L2/3 IT,-0.43819097,-0.39477852
12294,L2/3 IT,-0.24947563,-0.3057129
119815,OPC,-0.06314373,0.19960195
119828,L5/6 NP,-0.2923057,-0.15112
265572,L4/5 IT,0.30557722,-0.013550162
65569,Pvalb,0.23199838,0.015892923
6341,L6b,-0.43893713,0.055648208
85299,Astro,0.14177,-0.06724095
48065,Peri,0.116244674,-0.12583628
210346,Oligo,0.08193189,0.26576048
242339,L5 ET,-0.42930514,-0.08599082
278134,L2/3 IT,-0.15814048,-0.32509065
207359,Endo,0.14064795,-0.18363753
119316,L5 IT,-0.2548871,-0.11924657
236870,Oligo,-0.115677476,0.18011034
210279,SMC,0.01368928,0.1794926
85614,L4/5 IT,-0.37801623,-0.25593376
240012,Endo,0.07071161,0.20510423
265515,L5/6 NP,-0.29012647,-0.04946232
119370,Endo,-0.02170515,0.26831573
107049,Peri,-0.12312007,-0.30788365
119371,PVM,0.0046622753,0.22069603
199243,L5/6 NP,0.12431562,0.11476195
14320,L6 CT,0.22969496,0.2972172
119396,Vip,0.36941206,0.30671477
107018,L2/3 IT,-0.3943912,-0.2804677
119407,OPC,-0.45203725,0.0141785145
119437,Pvalb,0.10483587,-0.16208312
6377,L4/5 IT,0.21694827,-0.04478562
236418,L6 IT,-0.024800539,0.12041366
107002,Astro,0.23230618,-0.014750421
106986,Lamp5,0.09042823,-0.13693282
210326,L6 CT,-0.34494245,0.05760038
210330,VLMC,-0.03994125,-0.36524177
210343,Peri,0.15666431,0.30705225
60981,Vip,-0.11579692,-0.38093507
119529,Oligo,-0.3329938,0.13597691
60952,L4/5 IT,0.34605193,0.099630535
259741,Pvalb,0.2627834,0.025630236
222490,L2/3 IT,-0.1306634,-0.34680325
14247,L2/3 IT,-0.06045443,-0.34387693
86361,L6 CT,0.021640718,0.09715134
118370,Sst,0.15735114,0.07026744
242006,Oligo,0.29189456,0.1451276
86352,L5/6 NP,-0.32617977,-0.07912281
263923,L4/5 IT,-0.3430638,-0.2990641
118382,Endo,0.10464078,0.26237124
86344,Astro,0.5,0.16838849
118402,Sst,0.27549046,0.19128847
118407,L2/3 IT,-0.18388423,-0.25338024
259859,L4/5 IT,0.25443465,-0.0010969043
54410,L2/3 IT,-0.17255235,-0.28925598
107604,L4/5 IT,0.2350961,-0.020803988
118420,VLMC,-0.2782243,-0.45090654
269226,L6 CT,-0.27482855,-0.015471488
118456,L6 CT,-0.44029465,-0.017009258
94594,Pvalb,0.17113584,0.044409633
65108,Micro,0.038280487,-0.1950204
118502,L5 ET,0.060441732,-0.024078071
118522,Vip,-0.13773686,-0.30497307
118524,Oligo,0.015865564,0.18405294
7751,SMC,0.011820972,-0.1659058
48778,L6 IT,0.0067796707,0.025912464
118338,Lamp5,0.08899522,-0.13886392
118336,Lamp5,0.15984046,0.096909165
234834,Micro,0.23768932,0.050764143
199640,Micro,0.19107646,0.23979568
94533,L5/6 NP,-0.33452743,-0.14382526
199626,Peri,-0.3770148,-0.32504135
54372,Oligo,0.20987213,0.10596758
239514,L6 IT,-0.053610235,0.12329
64992,L6 CT,0.029831529,0.079187036
259893,L6 IT,0.013011992,0.119864166
222378,Endo,0.09447402,-0.11712563
118147,L2/3 IT,-0.38955805,-0.4046096
86550,Sst,0.33578777,0.061308444
54375,L5/6 NP,0.08149856,0.0904367
86511,L6 IT,0.03785354,0.07752401
48899,L2/3 IT,-0.3136053,-0.41963142
259883,Endo,0.08441371,0.23981297
217138,Astro,-0.012964636,-0.26668024
118228,L2/3 IT,-0.30254138,-0.35938817
217136,L2/3 IT,-0.13563174,-0.33212334
244046,L6 CT,-0.3158751,-0.11362323
277870,L6 CT,0.028741539,0.16365093
86419,Astro,0.05384791,0.273804
86411,Oligo,-0.12242839,-0.120620966
203110,L5 IT,-0.1632798,-0.17652455
279022,L4/5 IT,0.027648687,-0.16235012
48702,Astro,-0.37088007,0.19520938
86311,Oligo,-0.2706232,0.14714706
6470,L2/3 IT,0.35734725,-0.061166137
94632,L2/3 IT,0.14445698,-0.23816156
199406,L2/3 IT,0.13668126,-0.21680132
118770,Astro,-0.006817609,0.26765984
236855,Oligo,0.1566143,-0.036836684
259766,L4/5 IT,0.13885564,-0.111174464
118806,L5 IT,-0.46010825,-0.16999409
6437,L6 IT,-0.070307195,0.10140538
118816,L6 CT,-0.397106,0.026536226
107346,Oligo,-0.04317081,0.17848986
54528,L6 IT,0.06498915,0.029962718
210153,L6 CT,-0.20619479,-0.023681343
199396,L6 CT,-0.2649023,-0.037786722
94733,L2/3 IT,0.022451222,-0.32861245
218502,L6 IT,-0.10057533,0.08645785
118852,L5 IT,0.22095734,0.3332801
86011,L2/3 IT,-0.35808653,-0.40466946
12354,L4/5 IT,0.22687411,-0.054144144
265401,Oligo,0.038831353,0.18429375
48542,Endo,0.06512779,0.2109344
12854,L6 IT,-0.07975146,0.13788122
259752,PVM,0.10865998,-0.22559354
259747,L2/3 IT,0.2845779,-0.06340569
6433,Pvalb,0.088149905,0.10482484
10141,Oligo,0.04506123,0.10655856
86103,L4/5 IT,0.2831999,-0.02865982
6427,Endo,-0.3829419,-0.4451657
210136,Oligo,-0.20498773,0.16982573
61043,L4/5 IT,0.1774211,-0.09509164
10108,Oligo,-0.030156702,0.24471885
207444,L6 CT,-0.4333043,-0.041720837
242889,Pvalb,-0.35836965,-0.29543903
210095,L6 IT,0.028592587,0.049690545
86212,L6 CT,-0.23360512,-0.057626903
245815,L2/3 IT,0.47369182,0.11018807
94700,VLMC,0.24258286,-0.2821611
118603,L2/3 IT,0.3973378,-0.021850497
118613,Oligo,-0.32316214,0.124589205
118619,L6 IT,-0.016737193,0.034050465
217095,L6 CT,0.19308704,0.1336605
210105,Endo,-0.31634337,0.12820023
54464,OPC,0.12301499,0.2514528
118630,Astro,-0.2757243,-0.39197594
107488,L5 ET,-0.42573637,-0.19274345
48651,OPC,-0.22690752,-0.42869616
118639,OPC,0.42627156,0.16329753
107432,Lamp5,0.097755075,-0.15609303
12358,L4/5 IT,-0.41061556,-0.27312726
199425,VLMC,-0.27853495,-0.4734348
65224,PVM,0.051430404,0.12670791
107409,Pvalb,-0.2499314,-0.005334556
199422,Astro,0.006151378,0.21504694
265376,L2/3 IT,0.35006577,-0.075396985
85243,Astro,0.17696464,-0.24744436
54756,Vip,-0.17742875,-0.34466207
65610,L6 CT,0.11357826,0.104837894
210665,L2/3 IT,-0.42280096,-0.3211996
210668,Sst,0.32859993,0.103512466
222873,L6 IT,0.05357164,0.06782782
106280,Sst,0.034267724,-0.18506962
60811,L4/5 IT,-0.3324661,-0.2361561
95255,L5 IT,-0.22963628,-0.13113049
47426,Oligo,0.259148,0.09903526
259378,Endo,0.17312562,-0.19158494
60802,L2/3 IT,-0.15060553,-0.28214973
216767,Astro,-0.35639456,0.16816878
47446,Peri,-0.3544078,-0.3334943
84350,Endo,-0.067439795,-0.19283819
198651,Astro,0.2058106,-0.06440246
84347,L2/3 IT,0.2886424,-0.058182806
66058,L6 IT,0.10396987,0.2726913
14422,Endo,0.06106037,-0.03376469
84333,L2/3 IT,-0.30529255,-0.35555983
121309,L4/5 IT,0.096954405,-0.09441802
259361,PVM,0.03891498,0.22286314
47366,Oligo,-0.34788465,0.15775341
203607,Astro,0.046305716,-0.13905463
84323,Oligo,-0.050511926,0.20851308
198655,Micro,0.054923356,-0.106639
210653,Oligo,-0.0011444688,0.28623134
265730,Astro,-0.12623414,-0.36522475
259401,L6 IT Car3,0.21004224,0.30622846
259453,L6 IT,0.08670539,0.08036053
65925,L6 CT,0.03867519,0.11243957
120862,PVM,-0.38755876,0.13028157
106386,Endo,-0.11201078,-0.30845892
65936,L6 IT,0.10877615,0.046453357
47571,L6 CT,-0.2988454,-0.032014728
106375,Oligo,-0.35223624,0.13718474
106369,L2/3 IT,-0.07182878,-0.2891835
65946,Oligo,-0.2043123,0.138605
106342,L5 IT,0.03688705,-0.08224794
216814,Astro,0.22539157,-0.0397273
120957,L5 ET,0.03096652,-0.042854577
269000,L4/5 IT,0.352894,0.053438604
121021,L6 CT,-0.19102752,-0.03715682
47514,L6 IT,0.11797273,0.087269664
210640,L2/3 IT,0.27962548,-0.21452251
60838,Astro,0.22576827,0.027155578
121067,Endo,0.059607744,0.21919376
84476,L4/5 IT,0.043409288,-0.13208431
218563,Endo,-0.0521079,0.2442044
121071,L2/3 IT,-0.22666803,-0.26984066
66011,VLMC,-0.3109632,-0.4443442
265728,Pvalb,-0.33569184,-0.0028567016
121331,Micro,0.077896714,0.21865731
210718,Peri,-0.21564347,-0.36524326
106190,Astro,-0.24639127,-0.29073024
121343,Endo,0.29389608,0.39808607
272118,L6 CT,-0.33291033,-0.069659024
234149,OPC,0.2868601,0.043175817
218579,L4/5 IT,-0.38022873,-0.31579405
84077,L6b,0.043488443,0.28956848
84072,L2/3 IT,-0.2500428,-0.37316093
60755,Endo,0.4274264,0.09604466
121635,L4/5 IT,-0.18392685,-0.23393983
236944,L4/5 IT,-0.07125786,-0.2266595
66200,L5 ET,-0.37758142,-0.1661571
121675,OPC,0.26390076,0.12341696
47196,Endo,0.08009249,0.26344872
198539,L6 CT,-0.40641963,-0.047782123
121750,L4/5 IT,0.34231514,0.079288006
60752,L2/3 IT,-0.27860925,-0.28581798
220424,L2/3 IT,0.26158434,-0.21868068
66216,L6 CT,0.0677039,0.12667441
84018,Micro,0.24303281,0.29202724
84011,L5 ET,0.06728685,0.05752957
121795,L4/5 IT,-0.17138186,-0.17346093
10372,Sst,0.31754428,0.3516037
83999,Micro,-0.09727937,-0.29713756
14445,L2/3 IT,-0.32216394,-0.33221823
236359,Endo,-0.32950106,-0.43250468
84087,L5 IT,0.29833525,0.23309076
216830,L5 IT,0.06509495,-0.11427808
121536,L5/6 NP,0.08283621,-0.022340328
66164,Astro,0.19509673,-0.06303653
84248,L4/5 IT,0.2697822,-0.04052615
121365,Oligo,-0.31786233,0.14648557
234875,L2/3 IT,-0.25394034,-0.3049081
121370,L5 IT,-0.2753812,-0.13445827
66120,L6 CT,0.12760633,0.21199447
95289,L4/5 IT,0.3633796,0.108264625
47330,L6 CT,0.1865775,0.14777762
263770,Endo,0.12658387,-0.17257556
121407,L5 IT,0.039482713,-0.1061292
95301,Micro,-0.18974406,-0.18415868
106179,Micro,0.16197938,-0.24305126
55137,L6 IT,-0.13828841,0.0754835
245976,L6 CT,-0.39041477,-0.043836743
84109,L2/3 IT,-0.41408214,-0.2818923
66156,L2/3 IT,-0.34703243,-0.37402523
84106,Peri,0.04867494,0.067574024
263769,Oligo,0.22578555,-0.023558825
47295,L4/5 IT,-0.4455407,-0.25019795
47292,L5 IT,0.2372263,0.1174857
222949,PVM,0.2501017,-0.2611506
47285,Pvalb,-0.09859845,-0.29529577
47276,L2/3 IT,-0.19784191,-0.38918033
121477,L4/5 IT,0.1465295,-0.114613175
84093,L2/3 IT,-0.24369848,-0.33911428
265691,Oligo,-0.07866964,0.20681655
95138,L4/5 IT,0.06847584,-0.12975481
236387,L2/3 IT,-0.2896111,-0.36570832
235550,L5/6 NP,0.070709884,-0.06655809
210449,L5 IT,0.14237344,-0.0004428029
120169,L6b,-0.39436495,0.070598304
12280,Oligo,0.13723171,-0.10938427
270893,Sst,0.28099614,0.09686655
65705,SMC,0.224522,-0.025066614
84995,Oligo,-0.016412735,0.18377036
65710,Peri,0.0991537,0.3493284
106818,Micro,-0.1859271,-0.43112883
120180,L5 IT,0.08429068,-0.027032137
198979,VLMC,-0.019598484,-0.3718693
106787,L5 IT,0.10614109,0.0350613
242354,Oligo,0.032051027,0.29197317
278721,Astro,0.02866596,0.32027113
106768,Peri,-0.39798453,-0.3571118
54839,Pvalb,0.34512025,-0.00860247
198962,Micro,0.019629419,-0.21251157
120267,L2/3 IT,-0.40071118,-0.29761347
243971,L5 ET,-0.4480839,-0.19999084
95007,Lamp5,0.12951559,0.11926347
47880,SMC,-0.25032064,-0.35901612
120291,L6 IT,-0.13523391,0.07367474
47871,Endo,-0.1850667,0.18503273
120138,Endo,0.1995951,0.012672365
47869,L4/5 IT,-0.39836428,-0.2689907
259537,VLMC,0.14643401,0.4042021
47951,L5 IT,-0.28291577,-0.18826142
119924,Oligo,-0.41740578,0.1430198
94941,L6 CT,0.062968254,0.12080759
85164,Micro,0.0969646,-0.07475239
85134,L6 CT,-0.020555675,0.06601101
244492,Micro,0.07595211,0.2621402
48033,L6 CT,-0.22014007,-0.013544321
48031,L2/3 IT,0.030313969,-0.2092225
65656,PVM,0.3336867,0.08818793
222646,Endo,0.007845879,0.22368234
263846,Endo,0.19668841,0.31594968
259565,Endo,0.03377247,0.20868844
265620,Astro,-0.11070028,0.20209634
199031,L6 IT,-0.055020034,0.10276097
48009,L6 IT,-0.006406069,0.14951509
85086,L6 CT,-0.034493208,0.07187909
47977,Endo,-0.25581124,-0.28585
120028,Micro,-0.23548931,-0.3897022
242352,Oligo,0.05652964,0.22767246
85058,L6b,0.11538011,0.2962857
47960,L4/5 IT,-0.3793873,-0.26384032
94963,Endo,0.31533742,-0.13277504
120110,L5 ET,0.017377019,-0.07429263
85054,L2/3 IT,-0.32366517,-0.32745892
120119,L2/3 IT,-0.26988742,-0.29632974
118063,L4/5 IT,0.09530568,-0.13115415
47864,Astro,0.3379122,0.017737746
239502,Endo,0.12729722,-0.15557957
120682,OPC,-0.31670293,-0.39423454
106549,Oligo,-0.38296932,0.1156345
65842,Astro,-0.07250923,-0.27311933
120692,L2/3 IT,-0.104874134,-0.34717375
241950,Astro,0.13038832,-0.18443063
84748,Oligo,0.04351014,0.18432617
120718,Oligo,-0.0064666867,0.11658573
120732,L2/3 IT,0.37057424,0.0154207945
95019,Endo,0.08766246,-0.11475122
120757,L6b,-0.402354,0.0766899
47674,SMC,0.2591815,-0.21832463
261923,L2/3 IT,-0.14522633,-0.3052544
207309,L2/3 IT,-0.26646984,-0.29615793
84745,L2/3 IT,0.20855528,-0.11031139
106479,Pvalb,0.28837675,0.03871584
269013,Endo,-0.22147247,-0.39266035
106476,Peri,0.15626001,-0.18644062
120780,Endo,-0.25033224,-0.39237916
60873,L6 CT,-0.29681292,-0.01848635
95120,L6 CT,-0.33975595,-0.04664278
120806,L4/5 IT,0.34910613,0.20538276
198790,Peri,0.14521056,0.1939764
54993,L5 ET,0.3380257,0.36399192
47720,Oligo,-0.34484884,0.111706495
198953,L4/5 IT,0.35351866,0.07586044
120638,L4/5 IT,-0.41145056,-0.23920414
47743,Endo,0.2939241,0.3911745
261891,L6 CT,0.13333958,0.29061908
220487,L2/3 IT,-0.13980821,-0.32397178
259502,L6 CT,-0.34053552,-0.039519727
65741,OPC,-0.0760234,0.20309132
47822,L5/6 NP,-0.37848324,-0.13289458
95010,L4/5 IT,-0.32648212,-0.29075783
54895,Endo,0.047791958,0.27753234
84853,L5 IT,-0.19475964,-0.14785078
84850,L4/5 IT,0.14513904,-0.061264098
207314,L6 CT,-0.39510575,-0.04243055
84819,SMC,-0.18207726,0.1437093
265666,L6 CT,-0.34926754,-0.062445372
65812,L2/3 IT,-0.33939248,-0.3067416
259491,L5/6 NP,-0.018148243,0.037733257
120501,L2/3 IT,-0.31673113,-0.40315714
65816,Oligo,0.010102391,0.1763351
65819,VLMC,-0.24208239,-0.44826555
54905,L6 IT,-0.4102425,-0.12668839
120506,L4/5 IT,-0.37232736,-0.2044084
106589,L4/5 IT,0.19623423,-0.06705347
270886,L6 CT,-0.46179193,-0.009123266
210536,L2/3 IT,0.05564481,-0.30650607
6287,L6b,-0.4289869,0.06773001
84753,L4/5 IT,0.3616516,0.10684836
38563,Peri,-0.36771294,-0.25873217
17709,Vip,-0.2507215,-0.37636387
173691,Endo,0.14637798,0.23000592
161263,Astro,-0.22116712,-0.40475136
150357,Astro,0.25816017,-0.26959735
21205,L6b,-0.4023394,0.056612194
253161,L6 IT,-0.068890095,0.098739386
142753,Oligo,-0.039405137,0.26200116
29123,Endo,-0.2295616,0.13250273
148442,L4/5 IT,-0.19380122,-0.26308775
229120,OPC,0.16833806,-0.15225849
253167,L4/5 IT,0.35949188,0.028296053
157162,L4/5 IT,0.2683397,-0.07754597
3065,Sst,-0.4507164,-0.3206004
16625,L5 IT,-0.28978425,-0.17596662
276698,Astro,0.15102434,0.043117583
142692,L6 CT,0.16171324,0.18306345
142688,L2/3 IT,0.39852607,-0.06532079
142680,Astro,0.14290833,0.26484048
231961,Lamp5,-0.26479456,-0.106812894
233347,L6 CT,-0.0041257143,0.0787009
23455,L2/3 IT,0.15422714,-0.24561363
146294,OPC,0.2045542,-0.225703
142668,Astro,0.23505938,0.02023846
181396,Pvalb,0.090598345,-0.15011483
157121,PVM,-0.035008788,-0.22048551
165060,L6b,-0.30837706,0.0517084
277650,Sst,0.22716695,0.12991726
165049,OPC,-0.11571759,0.18559349
146331,VLMC,-0.065417975,-0.39559233
181436,L2/3 IT,0.13906956,-0.20721814
157087,L5 IT,-0.19846624,-0.114102006
233411,L6b,-0.0025316775,0.18799162
227250,Endo,0.22693634,0.041292906
142828,Peri,0.058870196,-0.13652003
247997,Micro,0.26638442,0.34728897
251327,Pvalb,0.27389216,0.0036762357
188871,L4/5 IT,-0.2100853,-0.24475929
239166,L6 CT,-0.050530255,0.030510306
181465,L4/5 IT,0.30211204,0.43706292
142792,L5 ET,-0.37513176,-0.1686705
190557,L2/3 IT,-0.25939512,-0.37248254
16852,Astro,0.041789055,0.29953557
247996,Endo,-0.031312853,0.19786888
277415,L6 CT,-0.34494013,-0.10298994
165141,L6 CT,0.10393542,0.15390301
755,Astro,-0.25606853,-0.27755773
29105,L6 IT,0.046110332,0.08429712
276680,L4/5 IT,-0.4132756,-0.23211029
186516,VLMC,-0.19875547,-0.423638
142777,L5/6 NP,-0.337893,-0.07813093
161250,Astro,-0.29630297,-0.4191208
172410,L5 ET,0.02792722,0.018476427
29110,L6b,0.006014347,0.19739753
229129,Astro,-0.3948279,0.14811254
181443,L5 ET,0.18482989,-0.012722641
248954,L5 IT,-0.059224963,-0.07428956
142762,L6 CT,-0.32598758,-0.016329974
172447,L5 IT,-0.27502424,-0.19416639
24955,L5 IT,-0.2079635,-0.10227388
144798,L6 IT,-0.08103344,0.13031965
250464,Peri,0.08744049,0.2625981
181482,L2/3 IT,-0.3630635,-0.30816194
146344,L2/3 IT,0.47459364,0.18404037
157051,PVM,-0.15589458,-0.4075283
34787,L5 IT,-0.40200037,-0.13608801
21043,L6 IT,-0.17721114,0.05090481
241351,Astro,-0.3290369,-0.38756168
172929,L2/3 IT,-0.060408324,-0.3430766
247062,Endo,0.1363439,-0.22286844
150484,L2/3 IT,0.07763708,-0.31824297
29246,L4/5 IT,0.29297572,-0.0027277768
172954,Endo,0.08190942,0.26758838
29248,Micro,0.20180035,0.037922323
172996,L6 CT,-0.30219078,-0.033883452
149149,L6 CT,0.0138296485,0.2221123
23469,L5 IT,0.22431707,0.004927695
229091,L5 ET,0.25341046,0.065205574
186611,L6 CT,-0.005553305,0.12235826
142494,L6 CT,0.0077700615,0.16937256
150522,L6 CT,-0.22636282,0.0021134615
156991,Pvalb,-0.27160656,-0.18532851
173019,L2/3 IT,-0.3268693,-0.29026088
25043,L2/3 IT,-0.33439565,-0.28006312
164989,L4/5 IT,0.30912018,-0.029131353
186631,Peri,0.12735057,-0.20278168
164984,L6 CT,0.011322379,0.08057183
226570,L6 CT,-0.46091658,-0.003219813
156945,VLMC,-0.34158546,-0.47186935
142472,L5 IT,-0.44266105,-0.1614534
228026,L5/6 NP,0.060435236,0.04257089
159581,L6 CT,-0.13712007,0.09529388
29245,L4/5 IT,0.3019094,0.030968606
231978,Endo,-0.13872561,0.1921553
172889,L6 CT,-0.20136064,0.051357508
29242,L5 IT,0.2193029,0.06427759
15555,OPC,0.20398486,0.10062039
17327,L5 IT,-0.27652282,-0.16776496
276724,L2/3 IT,-0.06550673,-0.23355508
21101,L5 IT,0.38405514,0.2784168
247311,L4/5 IT,-0.26397523,-0.19289532
157045,L6 IT,-0.003035307,0.05963111
29211,Astro,0.13972723,-0.16367397
150443,L6 CT,-0.3743374,-0.051433116
238411,L4/5 IT,0.38235205,0.030963361
254340,PVM,0.23459464,-0.24494088
16327,Pvalb,0.09987706,-0.07612458
142591,L6 IT,-0.04491234,-0.02499479
142579,SMC,-0.39672256,-0.3774971
3457,L5 IT,0.0074110627,-0.08523518
145322,L6 CT,0.09645128,0.27114064
189290,Oligo,0.07090682,-0.10341933
167761,Lamp5,-0.27422553,-0.17264384
3062,Oligo,-0.07759103,0.24299449
165039,L5 IT,0.11097473,0.112262964
247066,L6 IT,0.0065684915,0.13114244
165035,Micro,0.16939306,-0.26728344
255771,L6 IT Car3,0.1604675,0.3033629
34792,L6 IT,0.20373863,0.1409443
250432,Endo,0.1409654,-0.017675936
150470,L6 IT,0.10688174,0.30295503
21055,L2/3 IT,-0.21688008,-0.28956375
165026,L2/3 IT,-0.10027549,-0.27279782
36650,Micro,0.08622992,0.2532034
173050,Micro,0.08214939,0.19733864
142832,L2/3 IT,-0.33884645,-0.33905813
17307,OPC,0.048504353,0.2225346
188941,Oligo,0.0004119277,0.14613426
157526,L6 CT,0.17000228,0.22916156
171701,L2/3 IT,0.390837,0.009908855
181707,Sst,0.14348197,-0.054422557
247302,L2/3 IT,-0.3489654,-0.4023769
21603,L6 CT,0.2020297,0.20980382
251790,L5 ET,0.13306224,-0.030444115
181701,OPC,0.06627005,0.21792829
148513,L5 IT,0.25332284,0.027165592
231794,OPC,-0.13820362,-0.3851696
186439,L5 ET,-0.2846033,-0.16882262
3083,L5 IT,0.07276267,-0.070030004
231798,VLMC,0.22849655,-0.31651282
275295,L5 ET,0.15810019,0.03608191
181694,OPC,0.21199423,0.28250712
807,L6 IT,-0.044612885,0.09225792
143045,PVM,0.20404166,-0.31832194
160252,L6 CT,-0.26393706,-0.06925008
191293,L4/5 IT,-0.39182857,-0.24940324
166594,L2/3 IT,0.088055074,-0.23907232
226634,L5 ET,0.18036652,0.0057767034
21552,Astro,0.18067086,-0.01579842
24889,Micro,0.18441182,0.29611677
21533,L6 CT,0.18738258,0.10890645
181655,L4/5 IT,0.22916436,-0.029394656
186442,Astro,0.14769751,-0.27007788
229834,Micro,0.28379536,0.42012942
36391,Sst,-0.024361074,0.05964595
171861,Oligo,-0.16185626,0.22185397
252505,L5 IT,0.313842,0.13138658
171680,L2/3 IT,-0.071208775,-0.26584128
250670,Astro,-0.37603968,0.10586774
171400,Oligo,0.04195398,0.17242044
241334,Astro,0.1640786,-0.3053679
171405,Endo,0.34178126,0.106067955
181810,L5 IT,0.22742397,0.061993837
23386,L6 IT,-0.0627141,0.100921035
143148,L6b,-0.0074155927,0.18119365
185544,VLMC,-0.37569746,-0.47853756
241336,L6 CT,-0.18422195,0.03098172
273946,OPC,0.16873842,0.3121977
157591,Oligo,-0.32115522,-0.0076589584
186393,Oligo,-0.13255873,0.21290743
181795,L2/3 IT,-0.40691787,-0.30677462
36380,L5 IT,-0.39118847,-0.15433961
24854,Oligo,0.09302479,0.096943796
165311,Sst,0.15320855,0.30385643
280007,Oligo,0.037496567,0.2180593
21701,L2/3 IT,-0.23206457,-0.27895334
171560,Oligo,0.037967622,0.17367005
185553,L6 CT,0.092048824,0.15273023
186417,Astro,0.14477485,-0.17030343
248890,L4/5 IT,-0.27864653,-0.2691466
241338,L5 ET,0.04503286,-0.1040214
231784,L6 CT,-0.06027013,0.030402422
248893,L2/3 IT,-0.24646333,-0.37881967
24863,Astro,-0.13304067,-0.24233037
32923,L2/3 IT,0.2990126,-0.10123801
181736,L5/6 NP,-0.0010227561,0.0781669
247225,Micro,-0.05850959,-0.29144377
188923,L6 CT,-0.36339128,0.018387258
157420,L6 IT,-0.07131025,0.12962478
172139,Peri,0.117614746,-0.16370502
161096,L6 CT,-0.061266035,0.1323551
32851,L2/3 IT,-0.17099255,-0.36450452
157339,L4/5 IT,0.29468,0.07282305
157321,OPC,0.097326815,0.21574694
186503,L5 ET,-0.22663084,-0.16073978
275271,L5 ET,-0.38861823,-0.22007069
250526,L2/3 IT,-0.0030922294,-0.27285707
150292,L6 IT,0.0017890334,0.21269459
181499,Oligo,0.21684587,0.0017403364
255706,Oligo,0.020024598,0.16563255
172188,Astro,-0.17787507,0.14606601
247305,Oligo,-0.2676917,0.1509301
181497,L6 IT,-0.049841583,0.1553303
2078,L4/5 IT,-0.27111104,-0.27893275
142886,L5 IT,0.2263183,0.1155529
29053,L6 IT,-0.16088814,0.07200301
183451,Astro,-0.24090281,-0.33290935
185296,L4/5 IT,0.24988735,-0.0153258145
231896,Oligo,-0.33424366,0.15963238
188872,L4/5 IT,0.28142416,-0.025797278
172234,L4/5 IT,0.25409973,-0.0090509355
248935,Sncg,0.22016191,0.34117854
183907,L5 IT,0.100366,-0.08110881
26897,L6 IT Car3,0.20301998,0.29949433
148813,L4/5 IT,0.34871805,0.15940285
29081,L6 CT,-0.4278018,-0.0068220794
21413,L6 IT,-0.22800782,0.041246116
24902,Astro,0.3174125,0.051814497
229844,L2/3 IT,0.2928778,-0.17547154
15560,L6 CT,0.08641517,0.057341635
181621,Oligo,0.19588488,0.0944677
33828,Oligo,0.04441446,0.20352936
186458,Endo,0.07169044,-0.116019696
143013,L2/3 IT,-0.2671982,-0.3027382
146241,Oligo,-0.064774215,0.22001421
189480,L6 IT,0.038485706,0.060937166
275273,L2/3 IT,-0.19160128,-0.30547825
28987,L2/3 IT,-0.2393159,-0.39074054
142983,L6 IT,0.05474788,0.23200834
21478,L5 ET,0.0373832,-0.059969157
17295,Micro,0.24370652,0.3301099
171965,L2/3 IT,0.14956504,-0.22315282
157384,L4/5 IT,0.21833009,-0.072710335
275505,Vip,-0.3366269,-0.22623906
181571,L6 CT,0.17435324,0.17626435
274613,L2/3 IT,-0.29021835,-0.3625608
172056,L6 CT,-0.40629876,0.015293002
191321,L5 ET,0.25882417,0.119567335
28996,L5/6 NP,0.27804542,0.12191367
28999,L2/3 IT,-0.14339632,-0.37529105
150241,Endo,-0.35737345,-0.42910212
190255,L6 IT,-0.1994802,0.054918468
275506,L5 IT,0.09710711,-0.075974524
32856,Oligo,0.09863603,0.19048518
190248,L6 CT,0.14328122,0.18841714
181544,L6b,-0.37673098,0.050934374
185572,PVM,-0.18229455,-0.35932612
227942,Endo,0.12991238,0.32189935
181818,Peri,-0.083429486,-0.15505701
280151,L2/3 IT,0.13251352,-0.26016408
160217,PVM,-0.22670788,-0.45021212
164583,L2/3 IT,0.27702773,-0.09919298
150806,L4/5 IT,0.17522043,-0.12693006
577,Peri,-0.34642535,-0.30873084
173872,Peri,-0.33382142,0.17757851
3439,Endo,0.07641357,0.2345621
253353,Micro,0.1363815,-0.13050702
146665,PVM,0.12718648,0.01275748
253355,L6 IT,-0.27920115,0.009465694
238427,L2/3 IT,0.48764747,0.09610462
20552,L5 IT,0.086119175,-0.096080065
141918,L4/5 IT,-0.38758048,-0.27766794
148342,Endo,0.06757933,0.20818216
247575,Pvalb,-0.20510074,-0.28417155
36934,L2/3 IT,0.15628773,-0.162592
186858,Oligo,-0.3030879,0.14090782
247468,L6 CT,0.14028388,0.22398597
279678,L6 CT,-0.26657313,-0.027546138
146690,SMC,-0.3718106,-0.31104285
32547,L5 IT,0.06461638,-0.098941505
253361,L2/3 IT,-0.26890564,-0.28286415
173948,L2/3 IT,-0.22801736,-0.2781099
249041,L5 ET,-0.36380678,-0.19371083
248152,L2/3 IT,-0.08410838,-0.23499173
180893,L4/5 IT,0.08130723,-0.10627979
229924,Oligo,-0.33248657,0.11918509
150909,L4/5 IT,-0.2510079,-0.22011036
255054,Peri,-0.3415326,-0.31352046
20568,Astro,-0.3163358,-0.4462551
145290,L5 IT,-0.4154543,-0.16916275
255895,Endo,0.098948956,0.079583704
164597,Oligo,-0.0985899,0.074309826
36845,L2/3 IT,-0.33135635,-0.30285314
181034,Endo,0.11053383,-0.14489701
3940,L4/5 IT,0.15442759,-0.1347324
253329,L6 IT,-0.09166825,0.11806023
226475,VLMC,-0.28249812,-0.46449938
173732,L2/3 IT,0.33012974,-0.013295263
229019,L4/5 IT,-0.25780272,-0.2948396
255068,L5 IT,-0.42624828,-0.16829056
17361,L6 CT,0.07184476,0.2873177
29523,L4/5 IT,-0.28633934,-0.31795096
173758,Oligo,-0.27716905,0.13714409
148360,VLMC,-0.24510473,-0.4347614
248445,Oligo,0.0402357,0.17972648
26736,Astro,-0.3470937,-0.46596858
173780,L4/5 IT,-0.43513948,-0.26530376
173794,Endo,0.10445011,-0.10628447
34707,L2/3 IT,-0.20571455,-0.34531206
191613,L5 IT,-0.47138503,-0.22082725
29544,L5/6 NP,-0.45733505,-0.19346806
184090,Astro,0.07358879,0.23686993
141985,Micro,-0.08375639,0.23492569
230529,Lamp5,-0.33140284,-0.39773694
250296,L4/5 IT,0.326756,0.05856067
25179,Peri,0.19936877,-0.21853137
161501,L6 CT,-0.029218614,0.085923195
150785,L4/5 IT,0.36269295,0.40089655
228076,Endo,-0.1849863,-0.34026194
29553,Pvalb,0.09846622,0.21732974
274467,Oligo,0.034261346,0.30430633
185166,L6 CT,-0.3238936,0.08116567
255908,L4/5 IT,0.33937335,0.11507487
229928,VLMC,-0.33522478,-0.46149555
250228,Endo,-0.0134937465,0.2048356
252792,Endo,0.12488413,-0.112074524
186920,L4/5 IT,-0.3135141,-0.3001215
226422,L5 IT,0.20209867,0.08836633
141806,Astro,-0.031174093,-0.33755198
273846,L5 ET,-0.3499472,-0.15970796
238038,Vip,-0.3092721,-0.34242314
167551,L6 IT,0.023896575,0.07176721
180779,L4/5 IT,0.13817078,-0.083607525
180773,Oligo,0.16464782,0.010659575
240734,SMC,0.13998836,-0.2938715
25236,Astro,-0.23598766,-0.399485
273845,Oligo,-0.342517,0.01447922
36984,Pvalb,0.13885128,-0.124025464
36986,Micro,-0.0092148185,0.26966864
161576,L4/5 IT,0.19979322,-0.12147024
141780,L5 IT,0.14686465,-0.0817855
146762,L2/3 IT,-0.4328263,-0.34954947
141768,L2/3 IT,-0.3156491,-0.2977885
232189,L4/5 IT,-0.33159116,-0.17917183
1998,L6 IT,-0.3847551,0.05063671
188618,Oligo,-0.08020726,0.22462618
17386,L6 CT,-0.021879405,0.096867025
156005,Vip,-0.19958451,-0.33466345
155982,Oligo,-0.24002317,0.13318408
29717,L2/3 IT,-0.11501494,-0.3658476
141829,Oligo,0.16638017,0.0003901124
36949,L5 IT,-0.30932134,-0.16900992
164515,L5 ET,-0.37788403,-0.1752935
247940,L5/6 NP,0.15880609,0.040580213
190692,SMC,0.2347247,0.33778274
20521,L5 IT,-0.4081247,-0.16104624
20513,Peri,0.13695228,-0.17504555
26692,Oligo,0.107519686,0.10301697
141875,L2/3 IT,0.16630888,-0.18785703
36953,Astro,0.1623159,-0.050367832
252708,L6 IT Car3,0.17524576,0.30866104
26691,Astro,0.22518551,0.34875327
36957,L2/3 IT,0.07310474,-0.22745615
174093,Micro,0.062104464,0.30917996
20496,L5 IT,0.33249283,0.25332206
150920,Sst,0.16389984,0.03468752
150921,Astro,0.13743633,0.36325586
252429,Oligo,-0.3516196,-0.1892679
156157,L2/3 IT,-0.36574382,-0.31724077
148307,Endo,0.12093842,0.24378735
183143,Pvalb,0.2833343,-0.02600348
156150,Pvalb,-0.12408322,-0.2902607
174158,L2/3 IT,0.13068181,-0.19142616
34678,Micro,0.18600857,0.021402478
167585,OPC,-0.0041366816,0.27185124
180813,L2/3 IT,0.07731545,-0.20656398
190058,Peri,0.05114001,0.36401027
228091,L6 CT,-0.016971886,0.10494232
32512,Astro,0.021116197,0.1257531
520,L2/3 IT,-0.32755077,-0.2936051
34674,Micro,0.21003067,0.33238864
253396,L2/3 IT,0.38191605,0.06408417
156932,L6 IT,-0.1658971,-0.06215051
183118,L6 IT,-0.018821537,0.05466801
29502,Pvalb,0.12647206,0.15289062
142343,Sst,0.35541517,0.0630821
142342,Oligo,-0.18138123,0.113094926
146493,L5/6 NP,0.2193867,0.06283456
181211,L2/3 IT,-0.13822493,-0.3320613
173208,Endo,0.09748709,0.25741726
150627,PVM,0.064326346,0.32899892
227270,Micro,-0.0008909404,0.17313433
173262,Endo,-0.29279673,0.17957288
251861,Oligo,-0.18040678,0.114446044
29347,L6 CT,0.06643647,0.106897116
255811,Micro,-0.0073920786,0.2768616
186701,Oligo,-0.069423616,0.21764803
159608,L4/5 IT,0.2378797,-0.044563085
253251,L6 CT,-0.063091815,0.02287519
173295,Lamp5,0.07112932,-0.12425819
34757,PVM,-0.30468586,-0.37386897
191546,Astro,0.16119337,0.29353762
20839,L6 CT,0.0155107975,0.13280964
2325,OPC,0.010946155,-0.35642052
142260,Pvalb,0.15181625,0.013881743
142258,L6b,-0.026851505,0.20626962
238662,Astro,0.116436005,-0.13802242
26782,L4/5 IT,0.18685526,-0.11554444
173319,L6 CT,0.14937389,0.2016666
20818,PVM,-0.1919176,-0.3648927
275225,OPC,-0.14604434,-0.3698818
227648,PVM,-0.2284311,-0.423306
20895,Pvalb,0.016134799,0.12926602
173358,Micro,-0.295169,-0.33406612
274633,Astro,-0.33814478,0.115871966
164831,L2/3 IT,0.096437514,-0.27605802
173059,L5 IT,-0.30028594,-0.1788542
156920,Sst,0.18485868,-0.15909117
181260,Endo,0.21290684,0.04002273
232021,L5 IT,0.15188378,0.06533253
167727,Endo,0.18356389,-0.2290146
255796,L5 IT,0.018191695,-0.123146474
150569,L5 IT,-0.32942644,-0.1307995
274630,Sst,-0.015533894,0.09046584
173100,Endo,0.19954276,0.13499004
173101,Pvalb,-0.26411855,-0.13734612
2300,Peri,-0.38330168,-0.385407
20928,Oligo,-0.14333183,0.20010078
156907,SMC,0.11985028,0.17756999
156890,Micro,-0.1483972,-0.39739728
156880,L5 ET,-0.1428583,-0.1092003
161330,L6 CT,0.03735894,0.20995486
16323,L6 IT,-0.32016242,-0.10030708
20922,Oligo,-0.3010637,0.1622749
161333,Oligo,-0.024527341,0.21145523
164865,Oligo,-0.36456913,0.13431734
254307,Oligo,-0.32141435,0.14754045
150619,L4/5 IT,-0.26452821,-0.20960948
181238,L5/6 NP,-0.28851178,-0.07668215
156801,L6 CT,0.18324327,0.18316275
23503,Oligo,-0.40564066,0.11937076
173135,Sst,-0.29641694,-0.039777547
253250,L5 IT,0.29071474,0.119725466
185225,Oligo,-0.04101342,0.17049056
280242,Astro,0.31115514,0.007288873
166643,PVM,-0.39045495,0.119740605
164735,Sst,0.106570184,-0.05754456
186757,L4/5 IT,-0.29593408,-0.20993793
29454,Lamp5,-0.16375098,-0.35321277
2340,Astro,0.17964995,-0.15611818
186772,Pvalb,0.06408054,-0.15371767
173511,L5/6 NP,-0.22796744,-0.15223789
142123,Micro,-0.13168946,-0.3808354
164689,Pvalb,0.052547157,-0.1843076
191602,OPC,-0.07273865,-0.3511054
142104,Endo,0.025010288,0.15501231
189515,Pvalb,-0.21976557,-0.26270837
161460,L5 IT,0.14760858,0.029939651
173523,L6 IT,-0.43845618,-0.012682855
173551,L5 ET,0.062274933,0.08022487
240524,L6 CT,-0.15075338,-0.0033929646
241235,L5 IT,0.035318255,-0.105216086
227279,Lamp5,0.21219581,0.33322793
173562,Pvalb,-0.26991296,-0.38644952
150736,L4/5 IT,-0.3111447,-0.21511045
173572,L4/5 IT,-0.42931962,-0.26646525
166663,Micro,0.08167595,0.20162857
173599,L6 CT,0.21268278,0.3002717
142094,Micro,-0.07690674,-0.27219087
619,Oligo,0.11605424,0.03226024
156471,L5/6 NP,0.13762546,0.1501317
232108,L6 IT,-0.21067771,0.06084633
144856,L5 IT,0.13498795,0.04401946
173631,Endo,0.07115072,0.1774221
156584,Endo,0.11825222,-0.11678782
641,L5 IT,-0.28939253,-0.1697805
156590,L5/6 NP,-0.17777392,-0.015046924
274638,L6 IT,-0.109731615,0.0656057
20794,Endo,-0.28359133,-0.43495494
34750,Endo,0.2461307,0.004854858
227276,L2/3 IT,0.07842654,-0.26351076
156642,L6 CT,0.08765715,0.059661508
29386,Oligo,-0.16061795,0.18580365
150663,L6 CT,-0.2675646,0.022309422
639,L4/5 IT,-0.1995691,-0.25131202
36773,Endo,0.13864386,0.0023350716
233494,L4/5 IT,0.10804123,-0.15812767
183440,L4/5 IT,0.38199067,0.061769843
25117,L2/3 IT,-0.23557198,-0.34553877
1562,L6 CT,-0.40971467,0.030310214
161393,Astro,-0.3423077,-0.4351511
148388,Lamp5,0.054875255,0.104127705
15968,L6 CT,0.025592327,0.12526882
36797,PVM,-0.3792733,0.1575067
156608,Endo,0.16870135,-0.22662199
185201,Endo,0.12602526,0.28156638
156602,PVM,-0.24110654,-0.4505204
146545,L6 IT,0.00476259,0.17754829
240625,L6 CT,-0.09074873,0.06619489
276784,L6 CT,-0.338839,-0.032173187
150721,L6 IT,-0.25250322,-0.03665623
33477,PVM,-0.11298126,-0.23104882
173489,OPC,-0.0037234426,0.24520367
150724,Pvalb,0.12457281,-0.10590899
186749,L4/5 IT,0.3172136,0.029932559
186750,L2/3 IT,0.48383927,0.10924351
33798,Pvalb,0.2729957,0.03788823
21776,L6b,-0.40717846,0.07773918
181825,SMC,-0.13611639,-0.23530185
145739,Oligo,0.037537396,0.11812252
169302,Endo,-0.2801125,-0.17739844
148733,Sst,0.36277682,0.42573184
35882,Endo,0.038870573,0.28017652
248533,L5 IT,0.16432494,0.17739987
1078,Oligo,-0.21878591,0.09344834
144019,L6 CT,0.087521136,0.11160123
35888,L4/5 IT,0.049859166,-0.1299617
227827,Sst,0.13562995,-0.11535385
144016,L6 CT,0.019512713,0.0966506
231214,L2/3 IT,-0.36688688,-0.35249305
169343,L5/6 NP,0.03195554,-0.058499634
169389,L2/3 IT,0.45146316,0.026390791
160649,L4/5 IT,-0.28216654,-0.26897448
166459,Astro,-0.113856256,-0.35198617
251636,L4/5 IT,0.2601562,-0.023274302
158704,L2/3 IT,-0.31836754,-0.38041592
169429,Oligo,-0.05978641,0.25558567
158702,L2/3 IT,-0.36194044,-0.39323515
169447,L5 IT,0.061125517,-0.009209722
35916,L4/5 IT,-0.32275474,-0.26415142
145751,L4/5 IT,0.2752002,-0.06395474
143977,L2/3 IT,-0.4411762,-0.34325325
169500,L2/3 IT,-0.19532457,-0.3556292
24415,Sst,0.41955537,0.16627467
160659,L2/3 IT,0.19266045,-0.14984104
231414,Astro,0.09786755,0.26533067
145738,Astro,-0.27708378,-0.3413388
33221,L4/5 IT,-0.30886698,-0.2873512
252891,Astro,0.16617048,-1.6510487e-05
144025,Oligo,-0.30864954,0.14536929
158891,L4/5 IT,-0.171024,-0.2291694
276357,L2/3 IT,0.29973865,-0.014395535
144121,L2/3 IT,-0.3630057,-0.41082245
160634,Lamp5,0.26711506,-0.10756311
169114,L4/5 IT,-0.029069722,-0.17727244
169125,L6 IT,0.20257437,0.11017376
280161,SMC,-0.28344494,-0.4568406
169149,Astro,-0.24467331,-0.359632
169158,L5/6 NP,0.26209962,0.09706873
251114,L6 IT,0.14678812,0.34030128
149315,Peri,-0.32897264,-0.4394341
166147,Oligo,0.05694461,-0.2027902
158831,L2/3 IT,-0.28692102,-0.3770602
3526,L6b,-0.40181082,0.054091692
248743,L5 ET,-0.28571415,-0.035045236
169190,L5 IT,-0.35919166,-0.09625438
17085,L6 IT,-0.45668828,-0.101208
1087,L4/5 IT,-0.38035387,-0.21747798
158790,L5 IT,0.28573424,0.11751813
189420,VLMC,-0.22251722,-0.4651965
169211,Lamp5,0.28471184,-0.18299189
24378,Oligo,-0.24815416,0.16624963
144656,L5 ET,-0.4137089,-0.20120358
1082,L2/3 IT,-0.33272213,-0.38362154
160641,Oligo,0.09701055,0.1725415
24384,Oligo,-0.1439937,0.212731
144034,L5 ET,-0.4166817,-0.07909262
169247,Pvalb,-0.33646324,-0.10286948
28170,L2/3 IT,-0.029679596,-0.2684786
165999,L5 IT,-0.362489,-0.17196119
182532,Oligo,9.512901e-05,0.22883755
148695,Sst,-0.40618816,-0.07532972
149708,L5/6 NP,0.2469691,0.07444918
274134,L4/5 IT,-0.3096766,-0.2091822
169785,OPC,-0.0740293,0.21587634
231473,Astro,0.20104057,-0.1045233
189266,OPC,0.054636955,0.20225221
148674,PVM,0.3574584,0.33229184
15839,L6 CT,0.03382045,0.06845176
230791,Endo,0.24333,0.16692358
160717,L2/3 IT,-0.23929468,-0.3479565
148667,L6 CT,-0.2604614,-0.039431334
22485,L2/3 IT,-0.38369972,-0.2985844
158566,L2/3 IT,0.27422088,-0.097565204
160730,Endo,0.033507645,0.17941946
22478,L6 CT,0.019913375,0.12201917
143842,L6 CT,-0.20096692,-0.025877357
24509,Endo,0.24714386,0.045010626
165830,L6 CT,-0.23295873,0.04830885
144692,L4/5 IT,-0.43391708,-0.24804953
158513,L6 CT,-0.28423607,-0.0330469
227859,L6 CT,0.030578017,0.26063138
183705,SMC,-0.35549363,-0.40761733
158468,L6 CT,0.20021003,0.2760759
149734,Astro,0.27074564,0.07290816
182410,L6 IT Car3,0.20798558,0.27977633
158430,L6 CT,-0.035508484,0.056673825
22446,Astro,-0.22170293,-0.41198623
169759,L4/5 IT,-0.36991474,-0.26373643
158673,L4/5 IT,-0.39834982,-0.21443939
240485,L6 CT,-0.45912355,0.015338659
145828,Sst,0.11991125,0.15567243
255228,L2/3 IT,0.31369907,-0.046186358
165971,Astro,0.31603754,0.002567768
168177,L5 ET,-0.39609098,-0.08596635
182526,Astro,0.075012445,0.2307539
35959,Peri,0.16509658,0.32706475
165966,OPC,0.022839785,0.2048688
189125,L4/5 IT,0.26332223,-0.05581355
190416,Endo,-0.29084715,-0.24110755
230806,Vip,-0.06705579,-0.24622032
145821,L5 IT,-0.3394051,-0.1573933
158626,L4/5 IT,0.2758655,0.019804597
251016,L5 ET,0.003015995,0.10761255
227723,L4/5 IT,0.3113829,-0.019068122
252916,OPC,0.17320651,-0.21441638
144683,Pvalb,0.2666167,0.011328578
158617,Micro,0.10832012,-0.22490022
240854,L6 CT,-0.3738019,-0.011087894
169652,SMC,-0.36203736,-0.26670447
252621,Oligo,-0.3883279,0.085326254
169669,L2/3 IT,0.4145617,0.077240705
27895,VLMC,-0.26834786,-0.49981186
183489,Endo,-0.27754307,-0.2488814
158606,VLMC,-0.35389096,-0.4685882
165926,L6 CT,-0.4227587,0.002542138
226790,L5 IT,-0.06629008,-0.15442947
169716,L5 ET,0.239524,0.09443736
169729,L4/5 IT,0.040200353,-0.13373229
226788,OPC,0.19563407,0.36019826
27131,Oligo,0.0492571,-0.084408075
189180,L6 CT,-0.3361491,0.037178457
190931,Endo,-0.1358105,-0.36357844
185885,L2/3 IT,-0.32534784,-0.37316927
168281,L6 IT,0.08474696,0.022435844
159231,Astro,-0.34844184,0.124115765
27986,VLMC,-0.3158489,-0.45661768
182829,Astro,0.08583307,0.21918428
183532,L4/5 IT,0.059750497,-0.17136598
237969,L2/3 IT,0.16136014,-0.15659547
182814,OPC,0.083233476,0.29527032
168612,Pvalb,0.092354536,-0.07808569
23065,L2/3 IT,-0.06948587,-0.31875697
33351,L4/5 IT,0.24277538,-0.040581197
27987,Endo,-0.34995997,0.13963008
159194,L4/5 IT,-0.3745282,-0.22803974
166341,L2/3 IT,-0.2911986,-0.32210937
168643,L5 IT,0.04913485,-0.06879011
229485,L2/3 IT,-0.32479084,-0.39257693
185900,Peri,0.13179976,0.2510988
168709,L5 IT,0.1132642,-0.019529998
3554,Oligo,0.13800359,0.1839925
168729,Pvalb,-0.20491204,-0.1321561
28016,L2/3 IT,-0.22791624,-0.3606174
145481,Pvalb,0.14423704,-0.0070846677
251170,Pvalb,-0.30525237,-0.029153556
230873,L5 ET,-0.28570932,-0.11255455
183540,L5 IT,0.0829311,0.007538855
230869,L5/6 NP,0.07542533,-0.023299307
230858,Oligo,0.14586759,0.17349553
189241,Peri,0.1727153,-0.20189506
168738,L6 CT,-0.41829818,0.022018552
251223,OPC,0.0419724,-0.10450417
275472,Oligo,0.09179354,0.21491736
145561,L2/3 IT,0.11370611,-0.1853137
168349,L6 CT,-0.099054515,0.10648465
149337,Astro,0.246988,-0.16543245
168367,L2/3 IT,-0.36383405,-0.35943913
182876,L2/3 IT,-0.38589957,-0.2942765
166370,Endo,0.095656455,0.18340379
190813,Lamp5,-0.3695094,-0.4216221
168410,L6 CT,-0.1996055,-0.029980838
17091,Micro,0.014828861,0.26344693
33370,Astro,0.12236941,-0.12704214
190818,L4/5 IT,0.36424673,0.063967705
168416,L6b,-0.39870557,0.060090423
144476,Sst,-0.40169883,-0.28445286
3184,L6 CT,-0.3141874,0.003063023
252662,L5 IT,0.07506949,0.033950508
2099,Oligo,-0.1034382,0.21713686
3243,L5 IT,0.14654809,0.111692846
227735,Endo,-0.11763373,-0.36654323
168421,L6 IT,-0.36225706,-0.09613451
35677,Micro,0.12149775,-0.116205096
231282,L6 IT,-0.29259998,-0.20388374
159269,Endo,-0.09856939,-0.32715523
252854,L6 IT,-0.32506192,-0.12429723
240832,L4/5 IT,-0.116113275,-0.21371794
231283,L6 CT,0.04830146,0.072307944
27292,SMC,0.21940506,0.29725546
23124,PVM,0.09923124,0.21249771
276281,L4/5 IT,0.23542279,-0.054686666
255517,L6 CT,-0.26563516,0.021024585
252864,L2/3 IT,0.35684198,0.021755815
166298,Endo,-0.16569266,-0.34296837
168235,L4/5 IT,0.32034963,0.04659325
168927,L6 IT,0.015944839,0.027505696
27230,L6 IT Car3,0.20215589,0.18349153
148749,Oligo,-0.3353818,0.14898819
227143,L5 IT,0.05492109,0.077869356
2126,Vip,0.15457082,-0.24247947
168961,Peri,0.1687066,0.3041156
22858,L6 IT,-0.08666256,0.086155176
144601,Micro,0.0049718022,-0.19636688
182673,L4/5 IT,-0.29496437,-0.18741614
28161,L6 CT,-0.3403324,0.053017735
144602,L5 IT,-0.44658902,-0.17576584
190522,Astro,-0.03509736,0.26078868
240516,Micro,0.3539759,0.058486342
28162,Pvalb,0.29604405,0.03096807
168973,L2/3 IT,0.16649896,-0.2830134
248740,L2/3 IT,-0.14169064,-0.28965187
23264,L5 IT,0.27390206,0.21370131
255256,L6 IT,0.012558103,0.055074096
185989,L2/3 IT,-0.31426233,-0.37221557
158911,L6 IT,0.15555024,0.18168855
182654,L2/3 IT,0.34289438,-0.027040184
22829,L4/5 IT,-0.1873506,-0.22517267
2131,L4/5 IT,0.3525955,0.073094904
229738,L4/5 IT,-0.3723033,-0.28281128
169050,L6b,-0.4481015,0.05476594
182638,L2/3 IT,-0.33006787,-0.38478014
158992,L6 CT,0.047180474,0.14324033
145589,L2/3 IT,-0.17122793,-0.3509673
274542,L4/5 IT,0.21894842,-0.067643106
275441,Peri,0.23508042,0.36256486
22977,Oligo,-0.3398947,0.017214
160505,PVM,-0.07746628,0.22908372
3545,L2/3 IT,0.0648976,-0.20452797
274109,OPC,-0.3891803,-0.2829076
251260,Astro,-0.3302017,-0.3813938
226891,PVM,0.22843403,-0.07802254
149434,L2/3 IT,-0.10395861,-0.35869268
144287,Sst,0.11947662,0.11938435
159069,Endo,0.36476624,0.12413663
247160,L6 CT,0.08308262,0.125233
274529,L2/3 IT,0.119491816,-0.19510865
255491,L4/5 IT,-0.27211916,-0.20009696
275572,Oligo,0.025552869,0.21484709
160409,Oligo,0.013350964,0.19747609
255493,Astro,0.10279828,0.2456016
190460,Astro,-0.12079084,-0.31107053
27259,L2/3 IT,-0.21557507,-0.36523777
33373,L6 IT,-0.2102578,0.064597845
35772,L2/3 IT,-0.4241582,-0.3206221
149474,L6 IT,0.118146,0.20900422
17130,Endo,0.08682042,0.27730024
148769,L5 IT,0.22823936,0.11490208
1124,Oligo,0.14706558,0.014964998
229724,Vip,0.40750664,0.4218608
248733,Oligo,0.13263714,-0.2110211
160544,Peri,-0.31526977,-0.3204011
238619,L5 IT,-0.25758177,-0.22305894
145669,Sst,-0.043793023,-0.26491225
233747,Endo,0.07507151,0.33134294
190396,Oligo,-0.35248464,0.109405935
158419,PVM,-0.2350479,0.18053597
255154,Astro,0.072719336,-0.088784784
27015,Endo,0.12571418,0.27554893
170763,Endo,0.006685972,-0.27311194
34919,Astro,-0.31455782,-0.431669
150012,Oligo,0.20898324,-0.0925833
160994,L6 CT,-0.27736014,-0.0174236
33413,Sst,0.25383258,0.1438173
143407,L4/5 IT,-0.2089693,-0.23465931
277474,L2/3 IT,0.35246754,-0.052595556
149231,Sst,0.31071198,0.21465832
170794,L5 IT,-0.12679628,-0.15465763
170799,L5 ET,-0.44413447,-0.10677689
27008,Pvalb,0.057150066,0.110456884
157762,L5 IT,-0.32461268,-0.19523266
170811,L4/5 IT,0.11039883,-0.095339954
27000,L6 IT,-0.2194694,-0.116754055
181992,Micro,-0.07595223,-0.34046537
230679,Endo,0.035485804,0.25312722
150015,L6 CT,-0.19040617,0.00946337
21987,Micro,-0.17139855,-0.2883869
161004,L6 CT,-0.060078055,0.08510059
237731,L5 ET,0.03112632,-0.061259866
21986,L6 CT,0.008733153,0.13755548
24812,L5 IT,0.122060776,0.012223244
170849,OPC,0.29819685,0.09477484
145417,Pvalb,0.15408295,-0.18461332
181977,Oligo,-0.2662324,-0.09459272
226700,Oligo,-0.05696127,0.24278188
170864,Endo,0.027489066,0.24616325
170748,L5 IT,0.27437854,0.36939293
157816,Oligo,-0.043737322,0.2627678
149951,L5 IT,-0.29607284,-0.18809572
170560,L6 CT,0.006948948,0.09787214
165515,Micro,0.09815705,-0.14948493
252556,L6 IT,-0.41258377,0.023620546
27854,Astro,-0.33150733,-0.18481833
159431,L5 IT,-0.2856225,-0.21917248
28712,L5 IT,-0.1241447,-0.12426165
149970,Astro,-0.24353033,-0.15911362
191164,L6 CT,-0.009487718,0.12050164
248206,Pvalb,-0.40179172,-0.31279686
183813,L4/5 IT,0.13870615,-0.26012978
36193,Astro,-0.33662242,-0.11319339
170635,L4/5 IT,0.13871711,-0.078149736
274002,L5 ET,-0.4307141,-0.19273007
160958,L5/6 NP,0.16110587,0.049096584
167992,L6 IT,0.004397154,0.19866627
239164,L2/3 IT,-0.1829963,-0.33998173
22062,L6 IT,0.089188576,0.18479675
183462,L5 IT,-0.32227334,-0.19108838
157871,VLMC,-0.36645564,-0.4799102
157865,Astro,0.08254671,-0.12636673
23372,Endo,0.08959699,-0.11957371
188989,Endo,0.14284486,-0.17279932
170684,L5 IT,0.30229098,0.2393055
157827,L4/5 IT,0.060391426,-0.105401784
908,L4/5 IT,0.13846272,-0.11380413
170740,Astro,0.39436066,0.086052656
190312,Micro,0.111540556,0.082744956
165521,Oligo,0.065065324,0.115786076
170876,L4/5 IT,0.3161509,0.015635371
170886,L6 IT,0.00959295,0.14210063
191249,L2/3 IT,-0.3892616,-0.3236155
171055,Astro,-0.24798617,-0.37830424
33788,Micro,-0.010275573,0.21749431
231702,OPC,-0.3341518,-0.037877113
188957,L5 IT,0.38166308,0.4306203
32951,L5 ET,0.055027008,0.004541874
27837,Sst,0.084961,-0.19456574
159453,Oligo,-0.00045344234,0.25580025
159461,Astro,-0.12846366,-0.3184669
171146,SMC,0.12214255,-0.16403624
166557,L4/5 IT,0.0794124,-0.18907979
33795,L2/3 IT,-0.4422643,-0.35416734
171189,Endo,0.1934129,-0.28741285
36326,L6 IT,0.026211143,0.35376066
36328,L4/5 IT,0.28817934,-0.034597903
171194,L5 IT,0.2596324,0.2533518
189452,L4/5 IT,0.24217796,-0.07357976
24844,OPC,-0.24615481,-0.38094243
186379,Astro,0.071066916,0.236579
254409,Oligo,-0.052009553,0.24591237
233753,Astro,0.11029506,0.1626417
273947,Oligo,0.11441773,0.10482675
185304,L4/5 IT,0.35156274,0.008467734
254407,Endo,-0.30044618,0.17638886
231740,L4/5 IT,0.32689428,-0.008068383
191265,L5 IT,-0.34260714,-0.12005761
28889,L5 IT,0.16454124,-0.005181253
171047,Lamp5,-0.09686229,-0.22537002
250777,L6 IT,0.111783266,0.17381662
276523,L4/5 IT,0.21373957,-0.04379809
229211,Oligo,-0.38156858,0.12828022
170901,L6 IT,-0.033952117,0.06013471
186333,Peri,-0.1223537,-0.29131538
229225,Micro,0.02387172,0.26581997
191204,L2/3 IT,-0.22741005,-0.35251793
146110,L2/3 IT,-0.1522356,-0.30041
143320,L5 ET,-0.43894172,-0.17372549
241329,L2/3 IT,0.14624554,-0.19471887
157730,L4/5 IT,-0.15968484,-0.24877799
33648,Astro,0.26036447,-0.17551205
21917,L6 IT,0.2358725,0.14535695
157725,L4/5 IT,-0.117150545,-0.19514576
170979,Astro,-0.15096995,-0.37824923
872,L5 IT,-0.3623445,-0.14103177
171004,L6 CT,-0.015058875,0.09149957
231682,Pvalb,0.1115067,0.0796417
171016,Astro,0.09809691,-0.12864205
28826,L6 CT,-0.20561707,0.12671298
150045,L2/3 IT,-0.023103654,-0.2374644
17247,L2/3 IT,-0.40151677,-0.2876332
248036,Astro,0.27935106,0.12851828
165369,VLMC,0.47943693,0.12666571
171021,VLMC,-0.3037648,-0.4747132
21885,L4/5 IT,0.21051806,-0.08059311
279711,SMC,-0.13573936,-0.33284205
34903,L2/3 IT,-0.06199366,-0.33937937
190278,L5/6 NP,-0.41978902,-0.053468406
165367,L6 IT,-0.03259158,0.118142724
231687,Endo,0.037411988,0.16714281
17230,L6 IT,0.09275824,0.07220709
33046,Pvalb,0.2274195,0.052006006
191132,L4/5 IT,0.2700724,-0.041404188
158246,Oligo,0.06443399,0.19484836
250948,L2/3 IT,-0.24646059,-0.350369
229295,Astro,0.27604276,0.02215755
24622,L2/3 IT,0.12400335,-0.23715061
230752,VLMC,-0.326342,-0.5
22361,OPC,0.07762939,-0.13615194
158233,Peri,-0.16380695,-0.30139685
231517,Oligo,-0.33795527,0.048086584
252990,L6b,-0.39540935,0.08336645
252999,L5 IT,-0.16487351,-0.19680607
24627,L4/5 IT,0.08228117,-0.109965414
34998,L2/3 IT,-0.28256074,-0.36779237
149826,PVM,-0.38967937,0.085321724
277471,L2/3 IT,-0.24097571,-0.2569601
168077,Endo,-0.37927967,-0.41565812
186203,OPC,-0.03796673,0.23835385
253000,L6 IT,0.2278127,0.20757502
231527,L6 IT,0.09747738,0.028644204
148789,L2/3 IT,-0.31088346,-0.34767416
170079,VLMC,-0.2686711,-0.46350253
158200,L2/3 IT,-0.33981627,-0.36620408
158199,PVM,0.08112198,-0.12691402
160836,Pvalb,-0.111899495,-0.06981331
2212,L2/3 IT,0.36027753,0.014885962
248489,L6 CT,-0.4103426,-0.07976729
248802,L2/3 IT,0.49090368,0.1454333
168071,Endo,0.15217263,-0.2609802
159417,OPC,-0.31933123,0.09742391
149257,Micro,0.10965878,-0.22476229
28516,L5 ET,0.21054286,0.10212278
33122,L6 CT,-0.10276973,-0.015216649
250970,L4/5 IT,0.2489618,-0.06437871
248795,L2/3 IT,-0.27609867,-0.35983062
149300,L2/3 IT,-0.23610249,-0.3395034
166512,L6b,0.030650437,0.24507684
169905,Pvalb,-0.25553113,-0.051483214
24156,L4/5 IT,0.28803205,0.010236204
160743,Oligo,-0.15409532,0.1907211
148653,L6 CT,-0.42925268,0.06358099
28453,Oligo,-0.23735124,0.14881516
190755,Endo,0.10607278,-0.18895915
165738,L6 CT,-0.25442043,-0.028134972
279831,Pvalb,0.087776184,0.038788974
165735,Peri,0.17783809,-0.2179018
186182,Astro,0.17832732,0.21563107
158320,L6 IT Car3,0.16673899,0.3170004
28491,Peri,0.060975015,0.2793972
148650,L6 IT,0.29592294,0.19237709
1952,Astro,0.11210865,-0.08539814
165713,Endo,-0.32743004,-0.3603408
231494,Endo,-0.21561673,-0.19823855
158260,L4/5 IT,-0.3658157,-0.26980716
28508,L6b,0.14009017,0.32352298
276065,L6 CT,-0.30151814,-0.026528925
169940,L5/6 NP,-0.3874923,-0.06078574
169945,Astro,0.047136843,-0.1165922
159413,L5/6 NP,-0.41862476,-0.15825024
277434,L6b,-0.27974302,0.08849579
165701,L6 CT,0.20971411,0.12576842
158170,L4/5 IT,0.11297274,-0.13250533
149883,L6 IT,0.10518575,0.06729287
23334,PVM,-0.040258676,0.2445392
143601,L5 ET,0.22521925,0.09813923
237994,L6 CT,0.17095876,0.10463536
240801,L2/3 IT,0.26588988,-0.11314392
143600,Oligo,-0.3304124,-0.38374165
22183,VLMC,-0.2764433,-0.49207503
170432,Astro,0.13330483,-0.27703398
22177,L6 IT,0.07396221,0.31398106
3762,L6 CT,-0.3122846,-0.03299755
170442,L2/3 IT,-0.22565916,-0.35087758
183000,Astro,0.3098234,0.273327
170448,Oligo,0.020705462,0.0982939
157991,L4/5 IT,-0.33190268,-0.23984167
36159,L6 IT,-0.20454568,0.06589961
157964,L4/5 IT,0.34976912,0.05434203
16398,L6 IT,0.01600045,0.08358228
28689,Pvalb,-0.014968008,-0.24844268
22162,Lamp5,-0.05170113,0.09182751
182168,Endo,-0.16848376,-0.27545398
22153,L4/5 IT,0.32301688,-0.0031362176
182151,Pvalb,-0.21679306,-0.16641158
248484,L2/3 IT,-0.28714442,-0.30210596
2228,Oligo,0.23093706,-0.03234601
34974,L4/5 IT,0.3551187,0.21487534
22127,Astro,0.24784523,0.12696493
17229,Astro,0.18529052,0.009375393
229247,L2/3 IT,-0.270981,-0.26487458
3498,Oligo,0.053435087,0.23889977
143602,Oligo,-0.14209488,0.23345584
149903,Pvalb,0.18803304,0.029848218
33071,Micro,0.121635675,0.24987209
253040,L2/3 IT,-0.366334,-0.34373719
233647,Astro,-0.38454658,-0.33877093
170158,Endo,0.29375315,-0.13862938
250928,Astro,0.18716532,-0.25420097
22274,L6 CT,-0.3248496,-0.018259495
170209,Astro,0.315423,0.03599918
158158,Astro,-0.3728912,-0.43012553
240470,L5 IT,-0.40984,-0.19008863
165612,Astro,0.055586457,0.1072616
33086,Lamp5,-0.060527712,-0.35354358
149891,L2/3 IT,0.44497973,0.09585732
160884,Astro,0.22940153,-0.15604797
168043,L6 IT,0.07038224,-0.019735903
275484,SMC,0.08153105,0.1383509
155978,L2/3 IT,0.24088621,-0.23994693
251734,L6 CT,0.049514174,0.05282861
170265,L4/5 IT,-0.3159972,-0.23281425
231570,SMC,-0.14408559,-0.42598552
165548,L4/5 IT,0.14990544,-0.18902189
274140,Endo,0.12412888,0.34771478
226753,L6 IT,-0.1480698,0.07780528
226746,Vip,-0.2781256,-0.24542141
22208,L6 CT,-0.3265441,-0.06369203
186225,L2/3 IT,-0.21750733,-0.28738242
148603,Sst,0.06579304,-0.10461545
255187,SMC,0.13862306,-0.13382217
241165,Sst,0.0816229,0.017656982
149901,L4/5 IT,0.30305988,0.003066063
226745,Oligo,0.06865257,0.1274944
35589,Sst,0.071047544,0.048253477
232221,L2/3 IT,-0.10020536,-0.2844415
15818,Endo,0.16131139,0.07451528
232239,L2/3 IT,0.22207701,-0.13631618
139883,L6 IT,-0.3585899,-0.09954336
177206,VLMC,0.15426064,-0.3117121
275761,L6 IT,0.07859892,0.13221246
153798,L2/3 IT,-0.22719708,-0.3483925
179799,Endo,-0.018016875,-0.23201466
177246,L6 CT,-0.41452846,-0.030200273
18626,Micro,0.035140336,0.23695928
31905,L5/6 NP,-0.007878274,0.27324867
18622,L6 CT,0.19426346,0.22396809
238632,L2/3 IT,-0.34165862,-0.33901346
230040,L2/3 IT,-0.3748905,-0.30440533
18607,Sst,0.2422728,0.036383808
3380,L2/3 IT,0.34198564,-0.010780424
202,Endo,0.19866866,0.2678073
163376,L2/3 IT,-0.23715565,-0.34473854
153783,L5 IT,-0.4028697,-0.15149298
177318,OPC,-0.3564919,-0.42201218
162216,L6 CT,0.16616648,0.2731064
184582,Astro,0.22822976,-0.062214255
153730,Micro,-0.24379238,0.09401572
248166,Oligo,0.19428372,0.051456034
147464,L5 IT,-0.4070146,-0.14855343
177380,L4/5 IT,-0.38826585,-0.24326438
18562,Micro,0.12421852,-0.17684841
139849,Endo,-0.13718098,-0.2971911
192340,L4/5 IT,0.2240256,-0.10500917
177408,L5 ET,0.07130033,0.007103741
153813,Oligo,-0.3339861,0.14532876
184948,Lamp5,0.024450302,0.13307971
18663,Astro,-0.35050943,0.11226368
184953,Peri,0.14771736,0.30317026
153896,Oligo,0.060369015,0.099086285
153884,L6 CT,-0.19887564,-0.025863916
31939,Endo,0.20439583,-0.1927084
37909,L4/5 IT,0.09762406,-0.118291765
147931,Sst,0.12705964,-0.27721786
151932,Astro,-0.29845554,-0.47138217
2854,Peri,0.21881711,-0.07356924
30880,L6 IT,0.20850235,0.16252834
37914,Astro,0.2632361,-0.14210114
1343,Oligo,0.034949183,0.23764473
277362,PVM,0.046875656,-0.2967704
15770,L2/3 IT,-0.07584843,-0.34495133
163418,L5 IT,-0.37180704,-0.097675204
192286,Peri,0.19009662,0.3951677
153864,Endo,0.11070722,-0.16616163
153857,L6 CT,-0.0985522,0.011527777
34119,L6b,-0.0013348758,0.19639921
226073,Endo,0.044335604,0.25162554
139927,L6 IT,0.10181564,0.0913406
248333,L2/3 IT,0.17557168,-0.27430272
177112,PVM,-0.12496084,-0.36326098
153844,Oligo,-0.025587916,0.24100053
16048,L6 IT,-0.43149525,-0.0883356
18683,L5 IT,0.27324557,0.10195416
177174,L6 IT,-0.01642409,0.18866003
192302,Micro,0.04134673,0.13448352
153839,Astro,0.23359782,-0.013322502
34120,Oligo,-0.24458739,0.16042203
177430,L6 CT,0.019298494,0.13647306
27603,Endo,-0.007529795,-0.19848683
153692,L5/6 NP,0.12067479,-0.0017550588
38083,SMC,0.07207674,-0.11527678
277219,L2/3 IT,-0.1350635,-0.35652274
226041,Sst,-0.27148318,-0.106007606
139670,L4/5 IT,0.21870673,-0.028522551
187803,L5 ET,-0.315004,-0.14466098
277602,L5 IT,0.18850577,0.009483159
163317,Lamp5,-0.35815233,-0.33029357
238070,L6 IT,-0.44562837,-0.13713619
31837,Micro,-0.08564794,-0.31168082
139642,Lamp5,-0.045395285,0.13373291
187804,Micro,0.0020552874,0.21241146
153446,Astro,-0.19305113,-0.29728386
139630,L6 CT,-0.33834147,-0.014168352
18446,L2/3 IT,-0.25024426,-0.37197757
18445,Endo,0.18351161,-0.24431643
163309,Pvalb,-0.027665824,0.09847921
18441,Lamp5,0.18855387,-0.24155432
177610,Oligo,-0.34273693,0.13627261
255363,Oligo,0.00063204765,0.12781191
188227,L5 ET,0.042288125,-0.09045085
177618,Endo,0.05799508,0.29830766
240824,Peri,-0.39939594,-0.29655108
147565,L5 IT,-0.3519836,-0.14209256
27467,L2/3 IT,-0.1414957,-0.2963695
18411,L6 IT,0.0027210712,0.13907468
153409,Lamp5,-0.29963255,-0.37248376
227074,L6 CT,-0.25564545,-0.05137354
187797,Oligo,0.0037377477,0.24516404
226044,L4/5 IT,0.14683354,-0.13601664
31061,L6 CT,-0.38678783,0.025930524
153507,SMC,0.19972295,0.34314638
2604,Peri,0.20413995,0.3556394
192359,Astro,0.2318545,-0.17812598
249609,L2/3 IT,-0.32230473,-0.32961094
25853,Oligo,0.04453349,0.17901498
18544,Oligo,0.11026281,-0.0046083927
147493,Oligo,-0.0037192106,0.15551609
251437,L5 IT,-0.228353,-0.21661693
177467,Peri,0.069396436,0.34017968
249605,L4/5 IT,-0.010390431,-0.21224561
228340,Micro,0.15770692,0.037713647
185602,SMC,-0.37982762,-0.3781165
248326,L2/3 IT,-0.23607779,-0.3733974
189338,L2/3 IT,-0.17519188,-0.36766157
18773,Oligo,-0.4196788,0.12182617
31030,Astro,0.1593132,-0.14755964
147895,Oligo,-0.34369296,0.14419955
139779,Astro,0.36840343,0.012440443
277209,L2/3 IT,0.1554814,-0.27263272
228579,L2/3 IT,0.40608805,-0.0142664015
166749,Oligo,-0.056212664,0.2115615
192383,L5 IT,-0.34419996,-0.08647472
18509,L4/5 IT,-0.17034659,-0.22010708
18506,OPC,0.18529886,0.09888309
277487,L5 IT,0.22591805,0.11077136
177509,L6 CT,-0.30209157,0.00050115585
187782,Astro,0.14350432,-0.23210773
166762,Endo,0.20889354,0.24524474
277216,OPC,0.22103882,0.11994851
34349,L6 CT,-0.3347844,-0.041305095
179662,Astro,0.14164817,0.25014412
34107,L5 ET,0.009066761,-0.08120608
23749,L4/5 IT,0.3571335,0.061618745
140272,L6 IT Car3,0.152017,0.27021307
256129,Oligo,-0.0012008846,0.17385876
144977,L6 CT,-0.15961781,-0.013061017
192178,Endo,-0.36592293,-0.38170397
147299,L6 CT,-0.01741299,0.10840261
151735,L2/3 IT,-0.050864756,-0.30311647
163603,L6b,-0.0154131055,0.20173681
25690,Endo,0.09993714,0.20439619
163599,Micro,0.22213489,0.16415066
176612,L4/5 IT,0.25190634,-0.034095526
229994,L6 CT,-0.39390272,0.06724727
163577,Endo,0.12197727,0.28710884
184498,Oligo,-0.3863381,0.113233745
18991,Oligo,-0.21553499,0.106484056
30739,L2/3 IT,-0.28365624,-0.31852496
185719,Micro,-0.22649828,0.1239841
154103,SMC,-0.3767103,-0.38825947
274333,L2/3 IT,-0.2698648,-0.3453174
166732,Pvalb,-0.42542958,-0.36326206
246973,L6 CT,-0.025419533,0.09616792
176652,VLMC,0.24958485,-0.24651396
179978,Oligo,0.04653001,0.22348762
231026,L6 IT,-0.296579,-0.15333936
154062,L5 IT,0.035388887,-0.079597086
154041,L6 IT,0.009487271,0.05000925
37817,Peri,-0.14187548,-0.33497715
192198,L6 CT,-0.17040616,0.008018494
176569,L6 CT,-0.034223855,0.07847476
176686,Astro,0.065642655,-0.14147684
230334,L4/5 IT,0.35351962,0.05955577
37753,Endo,0.09260613,0.22063375
176482,Oligo,-0.29591572,0.14378959
174313,L6 IT,-0.34358037,-0.060223043
247818,VLMC,0.4467466,0.3891673
232716,L4/5 IT,-0.34921062,-0.27795082
275896,SMC,0.12227601,-0.14740771
2558,L2/3 IT,-0.27320504,-0.3901595
151720,L2/3 IT,-0.07649824,-0.25898424
277097,L2/3 IT,-0.2708357,-0.4092321
37729,L5 IT,-0.24695987,-0.11309868
30678,L2/3 IT,0.3871956,-0.0035301745
149011,Pvalb,9.739399e-05,0.10891175
154202,Pvalb,0.08676463,0.0119482875
15429,L6 CT,-0.4053654,-0.0024169981
140318,L5/6 NP,0.2387749,0.046976924
154188,Sst,-0.3015559,-0.16490504
180015,L4/5 IT,0.20862669,-0.054769397
34439,L2/3 IT,-0.30868602,-0.34886134
192167,L6 IT,-0.16577467,0.050904393
19056,L5 ET,-0.49854252,-0.26929104
192172,L2/3 IT,0.2878551,-0.17573604
176541,L2/3 IT,0.4233787,-0.0012151897
19046,L6 IT,-0.070307225,0.100320876
26450,Endo,0.1658414,-0.23995656
277104,Astro,0.23297185,-0.25868464
34432,Oligo,0.09654224,0.06032437
180010,L5 IT,0.16479897,0.06919366
34430,L4/5 IT,-0.30566308,-0.19548693
154169,L5 IT,-0.37978163,-0.09632105
188346,L6 CT,-0.26947835,-0.040726244
189646,L2/3 IT,0.26269597,-0.10616863
163521,SMC,0.051258266,0.14748073
192260,Endo,-0.16990715,-0.36915964
189833,L4/5 IT,-0.123900294,-0.19917914
238649,L6 IT Car3,0.16940206,0.31673777
176877,Oligo,-0.25856838,0.14799297
176892,L5 ET,0.2142368,0.03753394
247646,Endo,0.18620628,-0.20881605
176906,Endo,0.14838189,-0.22083595
153964,L2/3 IT,0.38048363,0.0015017986
187625,L4/5 IT,0.14910245,-0.16593039
34405,Astro,-0.14718887,-0.24418849
140033,L6 IT,-0.034959584,0.020815551
190658,L6 CT,0.02023232,0.15308625
18806,L2/3 IT,-0.35717505,-0.37714863
18798,L6 IT,0.12854064,0.25738108
274926,Oligo,-0.00691399,0.1234588
31960,Oligo,-0.022301853,0.24019247
23721,L6 CT,0.08839208,0.14248013
147939,L6 CT,-0.37062088,0.026681066
18787,Endo,-0.036279798,-0.25631562
249677,L6 IT,0.1264149,0.2913872
176981,Astro,0.3358916,-0.09718251
1826,L5 IT,0.21498173,0.053459167
247783,L2/3 IT,0.15930045,-0.19721484
151881,L6 IT,0.10254991,0.11862701
147385,L6 CT,-0.19179684,-0.01982367
147936,Astro,-0.25512362,-0.2216036
230278,L6 IT,0.063088536,-0.01917383
30830,Oligo,0.016270459,0.24296504
34083,Oligo,0.046753943,0.12179762
30826,L6 CT,-0.02312386,0.08183861
140065,Sst,0.13599956,0.2632932
18933,Endo,0.17459685,-0.20822895
26428,L5/6 NP,-0.44252276,-0.17291096
140149,L6 CT,-0.26415324,0.012584507
37835,L5 IT,-0.3447907,-0.16038114
25766,Endo,-0.14597023,-0.10669044
145272,L2/3 IT,-0.38182357,-0.3103628
154004,L6 CT,-0.31584066,-0.05724287
30802,Vip,-0.04274395,0.39298272
184984,Endo,0.11487156,-0.16821739
140145,L2/3 IT,0.36405075,0.04796779
176754,L6 IT Car3,0.15212893,0.32808495
277142,L2/3 IT,-0.36397833,-0.2980051
140125,L2/3 IT,-0.3432281,-0.4038722
140005,Oligo,-0.35041723,0.13545793
179952,Astro,-0.33775234,-0.4358131
274729,L6 CT,-0.24238461,-0.05966589
18904,Endo,0.3186736,0.010008752
140101,VLMC,-0.14118102,-0.41124177
148866,L6 CT,-0.020635843,0.03475088
140100,Sst,0.17890191,0.056226075
18896,L6b,-0.0639928,0.18441975
140088,OPC,-0.11029056,-0.35439646
176792,Astro,0.09875929,-0.12269786
1315,Endo,-0.32703835,-0.30711138
188333,L2/3 IT,-0.35495433,-0.3747711
140067,Oligo,0.020415246,0.26349515
230297,Oligo,-0.0024944544,0.17623037
25776,L2/3 IT,-0.1810511,-0.35874486
277143,L6 CT,-0.25560567,-0.02581817
226122,Pvalb,0.12521744,-0.1528419
147881,PVM,-0.40688753,-0.40465197
31125,L6 CT,-0.071228385,0.047005773
184862,Endo,0.14771718,0.3290335
26056,Astro,-0.18154994,-0.37594986
275807,L2/3 IT,0.15055817,-0.18733203
162491,L6 CT,0.23008478,0.21238482
183340,L5 IT,-0.28595746,-0.15903318
184853,L2/3 IT,0.28234243,0.13819301
160004,L6 IT,-0.4446896,-0.09393135
178618,L2/3 IT,0.12509012,-0.21515796
166798,L6 IT,-0.27634162,-0.06044486
26068,Oligo,-0.35327053,0.11734551
274186,L4/5 IT,-0.18937296,-0.22338572
230105,Micro,0.22963601,0.2022627
17684,L5 IT,0.32524598,0.2745188
248581,L4/5 IT,-0.41711718,-0.22690141
178666,L6 IT,0.013596833,0.12271553
148910,L4/5 IT,-0.25543004,-0.19286865
152797,L5 IT,0.10281992,-0.043265402
160011,L4/5 IT,-0.25756574,-0.23177776
253999,Endo,-0.05231172,-0.29267034
162865,L5/6 NP,-0.25831276,-0.06456554
35333,Astro,0.22644138,-0.2650902
253942,L4/5 IT,0.13068634,-0.07561585
27523,L4/5 IT,0.32584625,0.05512196
152420,L4/5 IT,0.07821202,-0.13322788
162841,Oligo,0.044772327,0.16138661
17865,Micro,0.3730926,0.27267337
162833,L4/5 IT,0.34415483,0.08106309
273629,L2/3 IT,-0.16236907,-0.34241974
162599,L4/5 IT,-0.21630526,-0.18033215
152840,Astro,0.33775276,0.27524996
17943,L5 IT,0.22646105,0.059380054
147836,L6 CT,-0.014093608,0.12698948
147831,Pvalb,0.11142987,-0.023746282
31374,L4/5 IT,-0.0031095445,-0.1958054
162977,Endo,0.17255133,-0.13012227
228377,Oligo,-0.05647245,0.18158346
238084,Oligo,-0.4031608,0.13079739
254828,L2/3 IT,0.41376704,0.016839564
248299,L6 CT,-0.21937093,0.010973573
179356,Oligo,-0.42596686,-0.09369618
145114,L4/5 IT,0.057125747,-0.15619308
166981,Astro,-0.26024324,-0.43263257
147669,L6 CT,-0.041431338,0.07835394
253915,L2/3 IT,-0.05987978,-0.28994176
228439,Endo,0.09082645,0.30315024
256353,Oligo,0.028604686,0.15686989
162950,L6 CT,0.12805724,0.15108049
240068,Endo,0.29038078,0.08947611
229628,Astro,0.18272954,-0.012103677
139337,L5 ET,0.078983724,-0.04549852
23992,L6 IT,-0.14235643,0.08203524
166773,Endo,0.17033368,-0.23786685
17953,Endo,0.09701753,-0.10687938
2724,L5 IT,-0.29273725,-0.2122317
139331,L5/6 NP,0.049432337,0.07663661
277301,Oligo,-0.02154836,0.2068643
166946,L6 CT,-0.23387432,0.012927473
179332,Oligo,-0.2505914,-0.10881743
252208,L5 IT,0.021279752,-0.026975721
253993,L6 IT,0.06862944,0.16637754
253943,PVM,-0.29187876,-0.102039665
31632,Oligo,-0.13800341,0.21326351
192635,L5 IT,0.25885636,0.19367278
228398,L4/5 IT,0.1289987,-0.1582227
31539,OPC,0.28203535,0.3523265
147735,OPC,0.22326875,0.13031793
152520,Pvalb,0.01442945,0.107785344
179013,L4/5 IT,0.3035782,-0.002577871
179019,OPC,0.26804453,0.048760414
179022,L6 CT,-0.29712877,0.033816576
31541,L2/3 IT,0.15118277,-0.22577044
184759,Micro,0.09308016,0.1452176
160068,Oligo,-0.38958043,0.1349932
184760,L5 IT,-0.27431202,-0.15424335
31551,Endo,-0.35155013,-0.23408955
152576,L5 ET,0.09455514,0.00031352043
228397,Oligo,-0.101961076,0.22612894
17727,L4/5 IT,-0.19347903,-0.2000382
38531,Micro,-0.35645455,-0.36504948
230126,Sst,0.14613539,0.18354547
229615,OPC,0.17012489,0.08447093
188097,Endo,0.09988123,0.20309007
148896,L4/5 IT,0.3054161,0.007155001
248571,L5 IT,0.18763435,0.03427553
162670,L5 IT,0.0021893978,-0.087201476
31575,L5 IT,0.111905634,0.10671371
279621,L5 ET,0.04708588,-0.016177833
162718,L5 IT,-0.41065288,-0.14669392
17710,L2/3 IT,-0.2784747,-0.36442596
26128,Oligo,0.008054614,0.29472303
178975,Astro,0.087435424,-0.07064083
23989,L4/5 IT,-0.17773518,-0.22960487
178944,L6 IT,0.0309878,0.24060887
152716,L6 CT,0.1795817,0.13906783
252229,L4/5 IT,0.3280369,0.024787605
225939,Sst,0.09588164,-0.072846204
17694,L6 CT,-0.2306771,0.03236258
26103,L2/3 IT,-0.28308794,-0.3625872
233388,Astro,0.25552845,0.3437146
160019,Astro,-0.37568408,0.09378338
247699,L5 IT,0.24822426,0.07209247
162644,L4/5 IT,0.13647604,-0.14506137
225938,Lamp5,-0.16080025,-0.4110576
17811,L5 IT,0.34107125,0.28571343
249395,SMC,-0.05552295,-0.39930308
139137,L5/6 NP,-0.37575027,-0.032006115
179399,Astro,0.14826864,-0.11643803
254812,Endo,0.11342394,0.08700019
190598,Oligo,0.15767455,0.067329824
238489,L6 IT,0.08327216,0.009087503
178868,L5 IT,0.2740922,0.2510894
228401,Pvalb,-0.3034979,-0.2587425
178871,OPC,-0.24839514,-0.45842364
152491,L2/3 IT,-0.12281445,-0.27700973
237538,L6 CT,-0.34110618,-0.042329997
178941,Endo,0.14748633,-0.19025046
16090,L6 CT,-0.05301121,0.122172
139050,Astro,0.09578222,0.25249583
178942,L5 ET,-0.43615538,-0.17727408
254807,VLMC,0.21254057,-0.3170367
23915,L5 IT,0.07418913,0.11334592
192615,Endo,-0.19078797,-0.17333105
18387,L6 CT,-0.14790231,0.054186583
83,Oligo,-0.37282848,0.117611766
178418,Endo,0.10651058,0.21530068
230227,Astro,-0.4486928,-0.13196436
167038,Endo,0.25389194,0.089686036
177880,L2/3 IT,-0.33019066,-0.23942178
254037,Oligo,0.05964899,0.27151078
25933,VLMC,-0.23988768,-0.46135408
192460,Oligo,-0.31567717,0.15486181
192461,L5 IT,-0.410675,-0.14919841
187908,L2/3 IT,-0.28277764,-0.37637404
38192,L2/3 IT,-0.43590632,-0.27612814
145089,L5/6 NP,0.07022673,0.07606673
38195,Micro,-0.18412751,-0.32862717
147857,Lamp5,0.17907602,-0.15039918
139515,L2/3 IT,-0.33754635,-0.37718603
177935,Astro,0.29706615,0.46590728
179534,L4/5 IT,0.3252656,-0.022001207
177953,Oligo,0.050385952,0.30653036
177956,VLMC,-0.19291592,-0.43592143
31780,Oligo,0.0070904493,0.14757985
179516,L2/3 IT,-0.13104668,-0.27304703
177992,Astro,-0.028583795,0.24547595
274362,L6 CT,-0.037413955,0.07860494
226005,Vip,0.12887758,-0.22889867
16060,Micro,0.18789393,-0.25972432
227534,Sncg,-0.26912326,-0.23126629
179509,L4/5 IT,-0.40413085,-0.23582852
249515,OPC,-0.03548929,0.24386138
38225,Endo,-0.06542966,-0.2948656
153246,PVM,-0.21339801,-0.44072616
184642,L6 CT,-0.14673594,-0.01731643
145232,L4/5 IT,0.2521934,-0.058210403
145072,OPC,0.12726575,0.35269302
152150,L2/3 IT,-0.24295828,-0.25501877
227548,Endo,0.15298045,0.24642819
167113,L6 IT,-0.3644181,-0.026094377
147869,Micro,0.2223103,0.14820004
252324,L5 IT,0.027726531,0.058532298
163264,Oligo,-0.15042326,0.1925301
189758,L6 CT,0.030252695,0.16627252
187844,L5 IT,-0.29742575,-0.17285079
177717,Endo,-0.03867969,0.26735884
275849,L6 IT,-0.011978745,0.16311848
249562,L6 CT,-0.3412714,0.0082111955
167102,Astro,0.3569386,0.015897453
152186,L6 CT,-0.3309206,-0.040274143
161,L2/3 IT,0.18772566,-0.1808109
177790,Pvalb,-0.24186122,-0.22410488
254582,Endo,-0.22738269,-0.41761777
163236,L6 CT,-0.032613665,0.08509278
38151,L5/6 NP,-0.24040392,-0.043026328
179604,Astro,-0.1312013,-0.3546993
254042,L2/3 IT,-0.09094164,-0.28775406
38160,L5 IT,0.14294374,0.043336153
187854,L4/5 IT,-0.32654643,-0.23904908
4223,L6 CT,-0.28678575,-0.06107217
229593,L6 IT,-0.06682038,0.10647702
247462,L5 IT,-0.46221563,-0.19188613
252319,Endo,0.07490438,0.17084986
251447,L4/5 IT,0.17542869,-0.10739446
249554,L6 IT,-0.044903338,0.1436919
153176,Oligo,-0.19158712,-0.06509751
153152,Oligo,-0.1493442,0.21584171
31274,Endo,0.06496298,0.29608458
233009,Micro,0.18568975,-0.21704787
18088,Peri,-0.078553855,-0.20544791
31327,L4/5 IT,0.28666228,0.14877266
187951,L2/3 IT,-0.0683049,-0.32645905
18076,Oligo,-0.33796996,0.14291704
38302,L6 IT,0.20916528,0.08959651
179432,Endo,-0.38138232,-0.37879297
252297,L2/3 IT,-0.38719398,-0.3043514
18070,L5 ET,-0.15434471,-0.084297
31333,L6b,-0.38990626,0.089390635
252200,L6b,-0.32821393,0.09139693
31724,L6 IT,-0.08233157,-0.30111247
192503,L2/3 IT,-0.36665463,-0.40080103
163015,L2/3 IT,-0.33142442,-0.29485822
233024,VLMC,-0.19358516,-0.4328566
277278,Peri,-0.1693947,-0.30653334
178369,L4/5 IT,0.11481136,-0.11387053
35356,L2/3 IT,0.4151035,0.040629506
166987,L6 CT,-0.30162448,0.015961707
178370,L2/3 IT,-0.35062236,-0.39055377
249465,L6 IT,0.10298073,0.2963435
31358,L6 IT,-0.16689542,0.081751406
139376,L6 IT,-0.37193936,-0.13160685
188187,Pvalb,0.23166394,-0.047142327
228449,Endo,0.19508368,0.2548725
254025,L6 IT,-0.28904778,-0.06834403
178412,L5 IT,0.16557866,0.059174836
254571,Astro,-0.22859973,-0.2996649
18100,L2/3 IT,0.19035959,-0.20782545
162403,L4/5 IT,-0.24198416,-0.23926893
147644,Endo,0.11526871,0.2562781
152238,L6 CT,0.18224615,0.07723093
252303,L5 ET,-0.42914113,-0.1566827
253873,L2/3 IT,0.2984094,-0.096449584
18201,Sst,-0.36047292,-0.3675141
178042,Sncg,0.17746043,0.28583235
152254,Pvalb,0.33090562,0.11665064
274471,Oligo,-0.24032843,0.1519292
153126,Endo,0.05027038,0.22479302
38240,L5 ET,-0.26041,-0.1560722
178073,L4/5 IT,0.20295,-0.060011446
277261,L6 IT,-0.20121405,-0.042462796
232987,L4/5 IT,0.12022948,-0.113236904
249507,L6 IT,-0.283094,-0.06496847
183327,L6 IT Car3,0.14518076,0.31948352
31758,L2/3 IT,0.30001765,-0.05907634
1804,Astro,0.23510766,-0.2045516
31749,Endo,-0.40442878,-0.38580802
31299,Lamp5,0.3654762,0.15851629
183324,Astro,-0.3674996,0.13913172
16730,L5 ET,0.28965354,0.2006312
18138,Astro,0.06557268,-0.11077511
232998,L6 IT,0.14943647,0.166915
192483,L5 ET,-0.36864948,-0.15613055
147618,Astro,0.10417217,-0.053126276
1717,Vip,0.22018051,-0.1837753
159961,Lamp5,-0.29865128,-0.4218632
163141,Astro,0.25525266,-0.25256526
248175,L5 IT,-0.34819776,-0.19466823
228492,L6 IT,0.12741405,0.3355809
176481,Astro,-0.13276729,-0.37164932
163642,Peri,-0.32156116,-0.38402948
238528,L4/5 IT,0.09216207,-0.13597542
175124,Micro,0.29121053,0.33920634
161690,L5/6 NP,-0.31947988,-0.093514234
175126,L2/3 IT,-0.10526487,-0.27438974
253541,L6 CT,0.03150326,0.16358358
144897,Pvalb,-0.13204125,0.04835117
16501,L6 CT,0.0028396249,0.05897367
226272,Endo,0.21897286,0.34727222
167435,Astro,-0.022386342,0.23593545
180486,L5 IT,0.028496563,-0.067492425
175164,L6 IT,-0.36641285,0.023134112
250044,L5 IT,0.21339232,0.1125415
385,SMC,0.16938972,0.25704753
141431,Oligo,-0.15131038,0.21121043
141390,L2/3 IT,0.40283304,0.056405365
175199,L2/3 IT,-0.20443505,-0.36050624
34598,L6 CT,0.14231795,0.20441616
175212,L4/5 IT,0.30517864,-0.026960611
155358,Micro,0.08362436,-0.11904743
155346,L2/3 IT,0.27119732,-0.20214313
30077,Oligo,0.014201462,0.16477549
237637,L4/5 IT,0.24866426,-0.017111272
19854,Pvalb,-0.32472342,-0.28451303
30078,Oligo,-0.12846315,0.17993969
250031,L5 ET,0.109161556,-0.059764773
151305,L5 IT,0.06939751,0.056248486
23634,L4/5 IT,-0.113034904,-0.2210786
144902,Oligo,-0.10551381,0.25234032
164193,L2/3 IT,0.4170251,0.025690377
141432,L2/3 IT,-0.26293945,-0.3645581
155433,L4/5 IT,0.27655506,0.03651315
174968,Oligo,-0.07706773,0.22947466
240338,L5 IT,-0.21507064,-0.14160731
20029,Pvalb,0.24158794,-0.00514856
228842,L6 CT,-0.123553455,0.08220166
20012,L2/3 IT,0.4210564,0.052169144
232406,L4/5 IT,0.26691663,-0.0075255036
37150,Pvalb,0.25850236,-0.0038172305
37153,Oligo,-0.005137861,-0.28147873
161689,L5 ET,0.33773422,0.34541517
1613,VLMC,-0.37961906,-0.47683704
33965,L5 IT,0.24538738,0.10038209
226321,L4/5 IT,0.35812747,0.22966051
144892,L2/3 IT,0.26356602,-0.1269772
19989,L2/3 IT,-0.25828046,-0.26564977
226320,Oligo,-0.19291463,0.16906798
146872,L5 ET,0.021621644,-0.08702877
32314,L5 IT,0.31047457,0.32638007
151278,L6 CT,0.04038775,0.053698957
275084,Endo,0.15351725,0.32630992
174998,Astro,0.019044876,0.27132154
19983,L2/3 IT,0.32801235,-0.020673692
175003,L6 IT,-0.027122378,0.14020228
250065,Astro,-0.40510502,0.12114346
164194,L5 IT,-0.18546334,-0.14558107
247015,Pvalb,0.20782036,0.04402417
180521,Pvalb,-0.39356977,-0.16067854
32307,Oligo,-0.1240938,0.22676301
26581,L2/3 IT,-0.2738774,-0.27915233
188513,Astro,0.41764188,0.17111063
164143,L5 IT,0.32830238,0.1782515
185740,Endo,0.15152109,-0.1516465
37292,L5 IT,0.13242018,0.019237816
175378,L2/3 IT,-0.425556,-0.3128698
2467,Peri,0.23065239,-0.2462635
164085,L4/5 IT,0.3765748,0.27721888
30144,L2/3 IT,0.39334583,-0.07771379
254997,Endo,-0.04176891,-0.18139541
155211,Endo,0.15480328,0.24668092
146894,L5/6 NP,-0.17076269,-0.026523262
164083,Lamp5,-0.08509961,-0.3768195
1636,L4/5 IT,0.11076915,-0.10680425
16001,L6 IT,-0.26206523,-0.0017850995
240330,Peri,-0.40466174,-0.42656
167397,L5 IT,0.37983102,0.25410956
191856,Vip,-0.19019297,-0.37749985
151378,L2/3 IT,0.22213548,-0.108980715
180371,Astro,-0.030530602,0.24192458
185098,L6 CT,-0.2120839,0.017029166
180370,Oligo,-0.3399665,0.13991368
33997,Micro,0.15670216,-0.21638522
141189,L4/5 IT,0.348274,0.082634866
187226,L5 IT,-0.25743014,-0.11066496
2061,Oligo,-0.33987504,0.15319407
148133,L5/6 NP,-0.19831476,-0.09787321
17498,L6 IT,0.071533084,0.17381698
238527,SMC,0.19365871,0.28159314
161817,L2/3 IT,-0.19658405,-0.2434625
34000,L5 IT,0.09210402,-0.11055833
187191,L5 IT,0.030207813,0.048978508
155487,Micro,-0.15489703,-0.4142419
141256,L5 IT,-0.30435675,-0.14309633
189994,Endo,0.11397523,-0.152569
37238,Oligo,-0.114177644,0.22143286
33507,Endo,0.17770416,-0.18930802
155310,L6 CT,0.006875336,0.0608626
190004,L4/5 IT,0.3237518,-0.011173934
175275,L2/3 IT,0.3045522,-0.16915154
141310,L2/3 IT,0.42222136,0.0575307
151341,L2/3 IT,-0.35787314,-0.38993627
19805,L6 CT,0.09143734,0.39959997
275069,L4/5 IT,0.23168421,-0.09342468
276983,SMC,0.19323617,-0.011965632
141287,L2/3 IT,-0.34285265,-0.38226622
175314,L5 ET,0.21516967,-0.0030682683
164132,L4/5 IT,0.25779694,-0.03954068
237633,Vip,-0.00975889,0.16317564
175318,Oligo,-0.03281313,0.21465498
275713,L6b,-0.40262437,0.07210523
164124,Sst,0.19424856,0.116701245
26569,L6 CT,0.13427979,0.2340548
180456,Pvalb,0.004687488,0.10460067
30115,L4/5 IT,0.35851192,0.093542695
188511,L5 IT,-0.23727402,-0.15740845
175325,L5 IT,0.0132603645,-0.105935246
253564,Micro,-0.24082792,-0.45798537
19767,L5/6 NP,-0.34725398,-0.15260834
188500,VLMC,0.19536483,-0.29677904
175335,Sst,0.123327374,0.21578681
16540,Vip,0.18127781,-0.11364734
180450,Pvalb,0.33105928,0.108272016
17448,Oligo,0.0524565,0.22023773
233791,PVM,-0.27111042,-0.09872463
149098,OPC,-0.088999,0.15551496
174479,L4/5 IT,0.22892153,-0.049173415
3429,L2/3 IT,-0.28155488,-0.38046396
155865,L4/5 IT,-0.23134011,-0.21234962
186991,Oligo,-0.099051,0.22571826
230511,L6 CT,0.17512536,0.19840646
184166,L6 IT,-0.24731189,0.07342547
279761,Sst,0.13546813,0.30809242
167542,L6b,-0.44617414,0.07135725
155826,Lamp5,-0.067974746,-0.24549854
159671,L5 IT,-0.26244807,-0.17144713
151096,Pvalb,0.24544895,0.025705159
151098,L4/5 IT,0.29986095,-0.05546096
247355,Endo,-0.028192401,-0.18823427
155784,L4/5 IT,-0.42738256,-0.22348619
185769,OPC,-0.2898969,-0.23712057
255028,Oligo,0.022759438,0.109730124
185135,L2/3 IT,0.18312323,-0.15904713
32403,L6 CT,-0.41836187,-0.0052639246
188577,Endo,0.13374615,-0.2303445
151106,L6 IT,0.26416737,0.15444255
20224,Oligo,-0.23343903,0.16581911
228916,L2/3 IT,-0.3249227,-0.3956564
155743,L5 IT,0.01181227,-0.09927645
174576,L6 CT,-0.40982434,0.05710715
279934,L4/5 IT,-0.03185895,-0.17431489
183170,L2/3 IT,0.32892334,-0.016309232
487,L4/5 IT,0.26709622,0.010449469
141661,OPC,0.12915623,0.29936683
34641,Micro,0.13017142,-0.2632799
32433,L2/3 IT,-0.2600546,-0.2799846
32438,Oligo,-0.01659447,0.24982071
180759,Endo,0.06307328,0.1767087
280254,L5/6 NP,0.11521125,-0.05179116
174358,L6 IT,-0.36118045,-0.081362784
174360,Astro,0.0001925826,0.10840899
185153,L6 CT,-0.32048115,0.0043878555
174370,Micro,0.13228416,0.26342386
29730,Astro,0.4353394,0.17732006
16268,L4/5 IT,-0.3986507,-0.2649032
275687,L6 CT,0.040607274,0.12526143
141739,L6b,-0.43379146,0.059678376
155944,Sst,-0.08576971,-0.29023403
164434,L6 IT,-0.2588091,0.03740114
250189,L6 IT,0.09193134,0.22751582
20318,L5 ET,0.22240049,0.04926747
174412,L4/5 IT,-0.3211337,-0.27854496
37015,Sst,0.25574386,0.08737731
250177,Vip,0.23083615,-0.11172527
155933,L4/5 IT,0.13540316,-0.18152693
228111,Oligo,-0.069927156,0.24627304
180719,VLMC,-0.059405535,-0.38506407
20311,Astro,0.28100818,0.051790416
148263,L4/5 IT,-0.17936051,-0.071890235
184164,Oligo,-0.00761196,0.19581085
161615,L6 CT,-0.28336304,-0.034831077
2985,L4/5 IT,-0.2250737,-0.24941292
155902,Astro,0.108495116,-0.14847586
239225,OPC,0.08842057,0.2620563
180712,L2/3 IT,0.33452946,-0.08578485
155122,L2/3 IT,-0.14321423,-0.24544919
185762,L2/3 IT,-0.40563345,-0.32147348
174634,Oligo,-0.32958078,0.13663673
187062,Peri,0.10552299,-0.2935701
276923,L6 CT,-0.34952807,-0.03873864
155622,L5/6 NP,-0.39759734,-0.17921218
29957,L5 IT,0.3590368,0.3292591
27698,Astro,0.075336576,-0.100569814
32346,Micro,0.040869772,-0.35214812
189366,L2/3 IT,-0.056416392,-0.32944036
174880,L6 IT,-0.074341446,0.0954119
29960,L5/6 NP,0.27941757,0.20715213
151184,Astro,0.14668381,-0.07951507
161670,L5 IT,-0.40185592,-0.18692288
174933,L6 IT,-0.010212213,0.12312001
174934,Endo,-0.22108075,-0.23073831
37120,L6 IT,0.10138655,0.13657713
167476,Astro,0.23608601,-0.002563119
141510,L2/3 IT,0.40510994,0.061690867
155551,L5/6 NP,0.09707403,0.0735572
248635,L5 IT,0.21676958,0.009861946
155536,Peri,0.039818764,0.20915228
155512,Astro,0.09683955,-0.1375952
141489,L2/3 IT,-0.3837226,-0.35770717
280264,L5 IT,0.26333475,0.04861939
160172,L5 IT,0.21846175,0.08316982
248390,L4/5 IT,-0.1830925,-0.23187697
174955,Astro,-0.28613567,-0.35753715
233187,L6 IT,-0.18113622,0.0068197846
20046,L4/5 IT,0.26418543,-0.029437542
33952,Endo,0.12847388,0.21565062
155733,Astro,-0.07579461,-0.30284142
155635,Micro,0.24110824,-0.024528831
155662,VLMC,-0.17809269,-0.44842207
180644,L5 ET,-0.32668185,-0.07653624
252410,Astro,0.08973932,-0.15999547
164343,L2/3 IT,0.042728186,-0.30533218
141605,L2/3 IT,-0.022080094,-0.22581038
155724,L2/3 IT,-0.12623906,-0.36359912
17425,Oligo,-0.20494536,0.1845504
174715,L2/3 IT,0.15431088,-0.17773092
275701,L4/5 IT,-0.4094409,-0.26097453
239188,L6 IT,-0.23186043,0.03481871
32378,L4/5 IT,0.35714406,0.06873387
228896,L2/3 IT,0.40236855,0.04097587
250106,Endo,-0.30742723,-0.43153924
35494,L6b,0.08220661,0.25297183
34634,L2/3 IT,-0.37285733,-0.39003408
228891,Endo,0.12365085,-0.18204874
17050,PVM,0.3259483,-0.049386144
184228,L6 IT,-0.18569496,0.0854969
151121,Astro,0.14022946,0.12715459
141563,Oligo,-0.03872931,0.026961803
155693,Oligo,0.28295922,0.24261826
16245,Astro,-0.026756585,-0.21695378
180617,L4/5 IT,-0.33441472,-0.26990855
251950,L5 ET,0.0533908,0.023525834
184241,OPC,0.20412296,0.08804625
240642,L2/3 IT,-0.08507213,-0.33866936
141559,Astro,0.056528747,-0.07543108
191731,L4/5 IT,0.06715709,-0.11202183
228875,L5 ET,0.34032315,0.24471223
191880,L6 CT,-0.40267906,0.03278488
26546,Pvalb,0.13533646,-0.16494313
248681,Endo,-0.24221948,-0.30216634
4106,Endo,0.043069422,0.2038132
32131,L6 IT Car3,0.1938448,0.33076048
249855,Oligo,0.06540924,0.13886207
30459,L6 CT,-0.29792213,-0.026667595
184411,L4/5 IT,-0.3718248,-0.23155153
162001,L4/5 IT,0.28714824,-0.038690716
2912,L6 CT,-0.09722322,-0.048798323
233167,Vip,0.2638812,-0.1301159
149015,L4/5 IT,0.15301079,-0.15346277
187394,L4/5 IT,0.18322277,-0.078222364
34053,L4/5 IT,-0.39481103,-0.23688823
147999,Endo,0.15524793,-0.051015794
30472,Endo,0.2427662,-0.13518989
154613,L4/5 IT,0.292382,0.00030589104
230385,VLMC,-0.117723316,-0.37873423
187402,Peri,-0.27551314,-0.26084423
192050,L2/3 IT,0.29756254,-0.096162796
19315,L2/3 IT,0.12497711,-0.23359057
30490,Oligo,-0.01606524,0.152529
184412,L5 IT,0.069336236,-0.094572306
180160,Endo,0.12086284,0.091508746
188407,L4/5 IT,-0.3660447,-0.24577856
154592,L2/3 IT,-0.28897262,-0.39945626
163811,L2/3 IT,-0.30714816,-0.32689327
147984,L5 IT,0.2580772,0.04778868
154639,L6 CT,-0.3949145,0.038174927
176060,L5 ET,-0.4336285,-0.0943788
176059,Oligo,0.068981946,0.14966667
184410,Astro,-0.31644952,-0.43486872
30383,L4/5 IT,-0.28218126,-0.24663007
248368,L2/3 IT,0.19943911,-0.15337089
140389,L2/3 IT,0.46125525,0.043339968
147116,L5 ET,0.095754504,0.0040134788
189888,Sst,-0.1628002,0.013453484
274318,L4/5 IT,0.3024814,-0.02635914
187340,Astro,-0.404921,0.11415166
140732,L5 IT,-0.40669087,-0.16439599
175564,L2/3 IT,0.09170443,-0.2178058
32140,L5 ET,-0.2659282,-0.12965679
228740,Micro,-0.20379621,-0.40825793
19396,Endo,-0.17851436,-0.4142806
274400,Oligo,-0.054904103,0.24132842
154746,L6 CT,0.05718851,0.08539903
280273,L6 CT,-0.38449442,-0.023272872
280068,L6 CT,0.052688956,0.13494056
154706,L4/5 IT,0.051827133,-0.15821564
159792,L2/3 IT,-0.05215496,-0.2470114
17533,L4/5 IT,0.12667572,-0.12923694
154691,L4/5 IT,0.11155331,-0.09921533
176049,Oligo,-0.3030391,-0.2997999
151690,L6 CT,-0.089269996,0.01081121
154680,L2/3 IT,-0.29094267,-0.39077848
25559,L2/3 IT,-0.09070304,-0.32281035
19357,L5 IT,0.20363009,0.17760766
37557,Astro,-0.17761773,-0.4076096
275729,L5 IT,-0.31367105,-0.16192397
176163,L5 IT,-0.12562123,-0.06036046
187415,L2/3 IT,0.49732834,0.10237962
19281,SMC,-0.3456602,-0.41641563
27623,VLMC,-0.32109395,-0.46476892
19186,L6b,0.101260364,0.30091834
187501,L5 IT,-0.34789872,-0.13268071
249783,L6 CT,0.15907866,0.17570323
248232,L5 IT,0.07458204,-0.10572097
192081,Oligo,-0.062460005,0.20787662
187476,L6 CT,-0.3214754,-0.017200053
176355,L2/3 IT,-0.2980706,-0.3547847
180059,L2/3 IT,-0.25870138,-0.36811113
19170,L6 IT,0.030282795,0.010120511
140466,Astro,-0.40879127,0.1249733
274954,Lamp5,0.25788605,-0.20239249
147194,L5 IT,-0.453939,-0.15766314
273704,Oligo,-0.1633997,0.03603685
232688,L5 ET,-0.47181338,-0.20455092
180052,Astro,-0.18973246,0.14582211
37653,L5 ET,0.01878643,-0.05258587
26462,Astro,-0.18805742,-0.34376508
140451,L5 ET,0.32319403,0.43172586
147241,L6 CT,0.17208117,0.072756946
147251,L5 IT,0.31068462,0.17804068
30592,L2/3 IT,-0.25326985,-0.34634274
187497,L6 IT,-0.030502588,0.123836994
145278,L6 CT,-0.4176889,-0.046913445
154325,L5 ET,-0.21767774,-0.12137291
140438,Oligo,-0.014904857,0.12533945
147969,L2/3 IT,0.25237215,-0.11118367
19408,Oligo,-0.22201097,0.17368466
140509,Astro,-0.3240434,-0.36039245
277082,L6 CT,0.0169909,0.07293004
159794,L2/3 IT,-0.230122,-0.3632
251402,L5 IT,0.26153237,0.077023864
140584,L6 IT,-0.032412738,0.14123374
32116,Astro,-0.29597402,-0.15206555
180133,Endo,-0.29116613,-0.40342224
16185,Oligo,-0.315449,0.1046564
228262,L2/3 IT,-0.35657316,-0.39517587
229986,L6 IT,-0.3835324,-0.054180384
253659,VLMC,-0.15818873,-0.43086153
15441,L6 CT,0.12006748,0.1448577
190680,Micro,0.31614637,-0.058984756
151621,L5 ET,0.34924328,0.29080153
30557,Astro,-0.08145282,0.23582536
140562,L4/5 IT,-0.0502066,-0.2009565
238178,L5 ET,0.25089824,0.08888948
30550,L6 CT,0.18906128,0.26593703
167327,Lamp5,0.02241379,0.22967356
180100,Vip,-0.19904071,-0.17725813
176285,L4/5 IT,-0.42914242,-0.27428982
226145,L2/3 IT,0.37315744,0.05225396
140404,Oligo,-0.32594597,0.12965298
237590,L6 CT,0.087151945,-0.0015292168
253661,VLMC,-0.38017356,-0.4543926
147180,L6 CT,0.04774362,0.10416883
19202,L2/3 IT,0.3681633,0.05848497
26469,L2/3 IT,-0.2635584,-0.3927315
187442,Micro,-0.05301392,0.23468512
192008,L5 IT,-0.13111287,-0.1792942
273733,VLMC,-0.3196504,-0.44439137
249893,L2/3 IT,0.26216775,-0.1386168
246995,L2/3 IT,-0.36600178,-0.36138707
159728,OPC,0.18686432,0.15211421
176472,L6b,-0.38527972,0.08200532
185077,L2/3 IT,-0.16129702,-0.36321896
148100,L6 CT,-0.1349588,0.02295965
187256,L5 IT,0.10095185,-0.08082682
37702,L6 IT,0.041195452,0.02167952
187273,L5 ET,-0.4274413,-0.19267538
180304,L5 IT,0.3199157,0.13046175
274943,L5 IT,0.16433245,0.059755564
32215,L2/3 IT,-0.33716267,-0.28726083
180301,L6 CT,-0.055146545,0.024817765
30630,L4/5 IT,0.23231268,-0.075621575
240958,Micro,0.083379924,0.25305104
141063,L4/5 IT,0.2588246,-0.031920105
147057,L4/5 IT,-0.3727554,-0.228648
191909,Astro,-0.09911233,-0.35121077
273751,Sst,0.4059983,0.20796359
19549,L4/5 IT,0.35179526,0.09284228
30308,Peri,-0.34124404,-0.25942373
175732,Oligo,-0.09453201,0.24222535
280266,L2/3 IT,-0.40057927,-0.25795144
16018,Pvalb,-0.040448993,0.06298113
180295,Astro,0.15935796,0.19786805
151450,Pvalb,-0.43049473,-0.34946594
154953,L5/6 NP,0.046495736,-0.006023705
230414,L6 CT,0.034208834,0.07968885
141004,Oligo,-0.05726981,-0.17324308
187506,SMC,-0.26492324,-0.4373752
147017,L4/5 IT,-0.39140353,-0.25435293
226215,L6 CT,-0.11943728,-0.0070750713
2950,Astro,0.19893223,-0.050166726
241270,L2/3 IT,-0.43617523,-0.40274137
16215,Micro,0.22415924,0.35640383
164040,L6 IT,0.17574656,0.122463286
175614,Astro,0.048512638,-0.3010955
155084,L6 IT,0.04156345,0.08288962
277021,L5 IT,0.05453652,-0.013845146
175625,L2/3 IT,0.30180597,-0.05499327
164026,VLMC,-0.26410124,-0.4545375
175641,Endo,0.12519604,0.28223956
37347,L5 IT,0.29525518,0.09163511
19574,L4/5 IT,0.28012133,-0.017250866
180328,L6 IT,-0.16368678,-0.01877004
25657,L5 IT,-0.42885327,-0.19082776
183218,L5 IT,-0.33925104,-0.16128388
25478,VLMC,-0.3541065,-0.46382755
37354,L5 IT,0.08196002,0.030530691
226212,Astro,0.17938912,-0.010505408
175667,Endo,-0.24112797,-0.4034639
175668,L6 IT,-0.004588753,0.024408698
154281,PVM,-0.10020089,0.22548848
274405,L4/5 IT,0.34041965,-0.015946388
254192,L5 IT,0.06391442,-0.07173759
147011,L4/5 IT,0.09551108,-0.15130046
175672,L5 IT,-0.3593108,-0.17641932
254707,L4/5 IT,0.19757241,-0.046606332
151663,Lamp5,-0.37076372,-0.4224893
191918,L4/5 IT,0.33465868,0.08023554
25503,Endo,0.16460216,-0.17602894
27652,L4/5 IT,0.22800523,-0.11190602
226187,L6b,-0.15403631,0.12668705
175850,OPC,0.09393954,0.32405663
140386,Oligo,-0.0757083,-0.1632697
151536,L4/5 IT,-0.30812126,-0.2418212
232701,L2/3 IT,0.12442279,-0.15965536
151538,L6 CT,-0.28452265,0.029337227
256054,Endo,0.06712663,0.2463736
180225,L4/5 IT,0.05390066,-0.124820024
19455,L6 CT,0.062372625,0.10456139
19442,L6 IT,-0.0005386472,0.115468085
147114,L2/3 IT,0.36305743,0.047669113
30340,L5 IT,0.081249356,-0.06889856
191938,L4/5 IT,-0.36021757,-0.20409825
175966,L5 IT,0.1414057,0.06668645
140819,Oligo,0.12780863,0.05977142
32161,L2/3 IT,0.43621272,0.026633859
185590,Sst,-0.34053332,-0.06268558
32159,PVM,0.17484665,-0.06975147
161983,L4/5 IT,0.24673146,-0.027331173
25539,Endo,0.16427368,0.20589519
185594,L6 CT,0.02148813,0.07152015
175971,Oligo,0.081869006,-0.09475848
256071,Oligo,0.119273305,0.08361745
176444,L5 ET,-0.28601137,-0.1704098
154844,Oligo,0.16465974,0.21131265
249894,Endo,0.130692,-0.16497737
175762,Vip,0.32319814,0.13377458
37450,L5 IT,-0.27645713,-0.2718264
228228,L2/3 IT,0.11465424,-0.23014393
163969,OPC,0.33859223,0.014411569
273744,Endo,0.0801605,0.27856225
147073,L5 IT,0.23254919,0.047967136
24039,L5/6 NP,-0.37901035,-0.037807673
19512,L6 CT,0.040894985,0.07638842
185076,L6 IT,0.048092484,0.045333445
232576,L2/3 IT,-0.3019625,-0.38867944
167369,L6 CT,-0.32427055,0.03989321
175798,Endo,-0.10276088,-0.31847602
4066,L6 IT,-0.39065644,-0.044287056
154919,L5 ET,0.16263539,-0.04312846
161908,L6 CT,-0.40358907,-0.056937337
159759,PVM,0.14458966,-0.18014818
140950,L6 CT,-0.038393795,0.045334578
249926,Astro,0.17612183,0.26178974
189923,Endo,0.14528614,0.3135879
37435,Astro,-0.23997557,-0.44348758
274701,L2/3 IT,-0.18153676,-0.32944816
19478,L2/3 IT,0.31280988,-0.041597217
230349,L4/5 IT,0.3581453,0.10571158
228684,L5/6 NP,-0.33856037,-0.049282342
140914,Micro,-0.30986694,-0.45015934
140910,L5 ET,0.062112212,-0.02730146
249912,L5 IT,-0.07629448,-0.1094197
248372,L5 IT,-0.43263626,-0.20772323
188431,PVM,0.029519796,0.17848402
161928,L6 IT,-0.03044641,0.1363911
154318,L5 IT,-0.23355317,-0.15035301
